100 4950
200 19900
300 44849
400 79798
500 124748
600 179698
700 244647
800 319597
900 404547
1000 499495
1100 604443
1200 719392
1300 844342
1400 979291
1500 1124240
1600 1279188
1700 1444136
1800 1619085
1900 1804032
2000 1998982
2100 2203928
2200 2418873
2300 2643824
2400 2878769
2500 3123715
2600 3378666
2700 3643612
2800 3918557
2900 4203507
3000 4498455
3100 4803400
3200 5118347
3300 5443299
3400 5778241
3500 6123185
3600 6478131
3700 6843085
3800 7218027
3900 7602975
4000 7997917
4100 8402864
4200 8817808
4300 9242753
4400 9677701
4500 10122645
4600 10577596
4700 11042532
4800 11517485
4900 12002427
5000 12497366
5100 13002311
5200 13517263
5300 14042212
5400 14577149
5500 15122099
5600 15677038
5700 16241981
5800 16816939
5900 17401878
6000 17996828
6100 18601768
6200 19216704
6300 19841650
6400 20476598
6500 21121539
6600 21776479
6700 22441420
6800 23116366
6900 23801309
7000 24496256
7100 25201198
7200 25916138
7300 26641087
7400 27376015
7500 28120970
7600 28875909
7700 29640843
7800 30415791
7900 31200747
8000 31995678
8100 32800622
8200 33615562
8300 34440509
8400 35275445
8500 36120387
8600 36975324
8700 37840276
8800 38715209
8900 39600145
9000 40495102
9100 41400028
9200 42314974
9300 43239916
9400 44174866
9500 45119807
9600 46074734
9700 47039681
9800 48014614
9900 48999551
10000 49994511
