100 424
200 948
300 1439
400 2095
500 2460
600 3178
700 3990
800 4590
900 4690
1000 5417
1100 6156
1200 6957
1300 7815
1400 8678
1500 9598
1600 9976
1700 10056
1800 10276
1900 11011
2000 11830
2100 12622
2200 13408
2300 14279
2400 15100
2500 16012
2600 16920
2700 17799
2800 18745
2900 19670
3000 20675
3100 21453
3200 21535
3300 21652
3400 21799
3500 21991
3600 22337
3700 23092
3800 23910
3900 24759
4000 25641
4100 26603
4200 27330
4300 28131
4400 28989
4500 29868
4600 30824
4700 31651
4800 32574
4900 33515
5000 34488
5100 35521
5200 36398
5300 37289
5400 38255
5500 39217
5600 40242
5700 41209
5800 42191
5900 43250
6000 44301
6100 45405
6200 45940
6300 46032
6400 46217
6500 46333
6600 46549
6700 46757
6800 46942
6900 47194
7000 47433
7100 47745
7200 48228
7300 49001
7400 49816
7500 50650
7600 51545
7700 52484
7800 53344
7900 54254
8000 55210
8100 56182
8200 57232
8300 57943
8400 58765
8500 59617
8600 60498
8700 61447
8800 62273
8900 63176
9000 64116
9100 65099
9200 66148
9300 66998
9400 67877
9500 68836
9600 69821
9700 70826
9800 71795
9900 72773
10000 73834
