100 444
200 994
300 1490
400 2232
500 2657
600 3451
700 4010
800 4626
900 5317
1000 5836
1100 6541
1200 7471
1300 8141
1400 9004
1500 9342
1600 10202
1700 10978
1800 11602
1900 12037
2000 12638
2100 13419
2200 14336
2300 14879
2400 15861
2500 16742
2600 17703
2700 18412
2800 19328
2900 19935
3000 20770
3100 21425
3200 21991
3300 22851
3400 23598
3500 24243
3600 24937
3700 25629
3800 25853
3900 26613
4000 27209
4100 28173
4200 28827
4300 29759
4400 30825
4500 31320
4600 32414
4700 33337
4800 34170
4900 35098
5000 35950
5100 36794
5200 37934
5300 38464
5400 39545
5500 40134
5600 40870
5700 42287
5800 42879
5900 43390
6000 44188
6100 44591
6200 46009
6300 46672
6400 47355
6500 48145
6600 48760
6700 49750
6800 50516
6900 51393
7000 52012
7100 52717
7200 53202
7300 54230
7400 54723
7500 55224
7600 55489
7700 56311
7800 57241
7900 57854
8000 58479
8100 59346
8200 60318
8300 61001
8400 61955
8500 62985
8600 63692
8700 64345
8800 65423
8900 66301
9000 67187
9100 67889
9200 69225
9300 70134
9400 71427
9500 72163
9600 72850
9700 73593
9800 75075
9900 75905
10000 76639
