100 514
200 1225
300 1996
400 2857
500 3696
600 4571
700 5584
800 6523
900 7445
1000 8411
1100 9411
1200 10329
1300 11519
1400 12523
1500 13602
1600 14660
1700 15644
1800 16668
1900 17750
2000 18806
2100 19900
2200 20955
2300 22184
2400 23162
2500 24338
2600 25606
2700 26782
2800 27841
2900 29054
3000 30097
3100 31362
3200 32540
3300 33632
3400 34754
3500 35910
3600 36937
3700 38215
3800 39197
3900 40569
4000 41711
4100 42911
4200 44020
4300 45249
4400 46340
4500 47679
4600 48789
4700 50172
4800 51237
4900 52505
5000 53688
5100 55004
5200 56344
5300 57719
5400 58929
5500 60324
5600 61473
5700 62676
5800 63889
5900 65203
6000 66341
6100 67711
6200 68818
6300 70274
6400 71521
6500 72703
6600 73974
6700 75210
6800 76324
6900 77711
7000 78780
7100 80190
7200 81306
7300 82651
7400 83845
7500 85123
7600 86139
7700 87676
7800 88801
7900 90334
8000 91490
8100 92653
8200 94069
8300 95336
8400 96435
8500 97826
8600 99125
8700 100796
8800 101781
8900 103079
9000 104325
9100 105807
9200 106849
9300 108271
9400 109425
9500 111014
9600 112187
9700 113495
9800 114889
9900 116207
10000 117575
