100 5049
200 20099
300 45148
400 80197
500 125247
600 180297
700 245346
800 320396
900 405446
1000 500494
1100 605542
1200 720591
1300 845641
1400 980690
1500 1125739
1600 1280787
1700 1445835
1800 1620884
1900 1805931
2000 2000981
2100 2206027
2200 2421072
2300 2646123
2400 2881168
2500 3126214
2600 3381265
2700 3646311
2800 3921356
2900 4206406
3000 4501454
3100 4806499
3200 5121546
3300 5446598
3400 5781640
3500 6126684
3600 6481730
3700 6846784
3800 7221826
3900 7606874
4000 8001916
4100 8406963
4200 8822007
4300 9247052
4400 9682100
4500 10127144
4600 10582195
4700 11047231
4800 11522284
4900 12007326
5000 12502365
5100 13007410
5200 13522462
5300 14047511
5400 14582548
5500 15127598
5600 15682637
5700 16247680
5800 16822738
5900 17407777
6000 18002827
6100 18607867
6200 19222903
6300 19847949
6400 20482997
6500 21128038
6600 21783078
6700 22448119
6800 23123165
6900 23808208
7000 24503255
7100 25208297
7200 25923337
7300 26648386
7400 27383414
7500 28128469
7600 28883508
7700 29648542
7800 30423590
7900 31208646
8000 32003677
8100 32808721
8200 33623761
8300 34448808
8400 35283844
8500 36128886
8600 36983923
8700 37848975
8800 38724008
8900 39609044
9000 40504101
9100 41409127
9200 42324173
9300 43249215
9400 44184265
9500 45129306
9600 46084333
9700 47049380
9800 48024413
9900 49009450
10000 50004510
