100 316
200 732
300 1180
400 1664
500 2216
600 2661
700 3173
800 3729
900 4305
1000 4934
1100 5423
1200 5924
1300 6484
1400 7050
1500 7670
1600 8263
1700 8844
1800 9515
1900 10155
2000 10875
2100 11467
2200 11951
2300 12528
2400 13054
2500 13669
2600 14279
2700 14860
2800 15515
2900 16147
3000 16858
3100 17559
3200 18145
3300 18764
3400 19408
3500 20099
3600 20852
3700 21506
3800 22227
3900 22977
4000 23770
4100 24628
4200 25057
4300 25573
4400 26134
4500 26714
4600 27382
4700 27923
4800 28549
4900 29192
5000 29875
5100 30614
5200 31207
5300 31806
5400 32460
5500 33149
5600 33875
5700 34556
5800 35246
5900 36021
6000 36774
6100 37599
6200 38279
6300 38873
6400 39550
6500 40169
6600 40893
6700 41596
6800 42287
6900 43043
7000 43767
7100 44584
7200 45379
7300 46062
7400 46782
7500 47526
7600 48328
7700 49159
7800 49931
7900 50757
8000 51618
8100 52502
8200 53432
8300 53887
8400 54400
8500 54950
8600 55543
8700 56226
8800 56766
8900 57386
9000 58033
9100 58725
9200 59470
9300 60052
9400 60666
9500 61327
9600 62025
9700 62749
9800 63424
9900 64125
10000 64894
