100 317
200 740
300 1196
400 1681
500 2153
600 2709
700 3176
800 3723
900 4263
1000 4830
1100 5402
1200 5999
1300 6552
1400 7085
1500 7581
1600 8215
1700 8784
1800 9452
1900 10052
2000 10666
2100 11295
2200 11928
2300 12466
2400 13121
2500 13744
2600 14383
2700 14947
2800 15573
2900 16142
3000 16784
3100 17369
3200 18034
3300 18639
3400 19255
3500 19894
3600 20660
3700 21295
3800 22020
3900 22583
4000 23281
4100 23880
4200 24669
4300 25292
4400 26052
4500 26602
4600 27330
4700 27930
4800 28619
4900 29262
5000 29988
5100 30649
5200 31345
5300 31949
5400 32577
5500 33150
5600 33850
5700 34541
5800 35207
5900 35791
6000 36513
6100 37101
6200 37883
6300 38507
6400 39248
6500 39934
6600 40513
6700 41232
6800 41937
6900 42510
7000 43307
7100 43956
7200 44762
7300 45551
7400 46247
7500 46980
7600 47735
7700 48361
7800 49143
7900 49728
8000 50515
8100 51170
8200 51928
8300 52711
8400 53533
8500 54165
8600 54884
8700 55472
8800 56275
8900 57082
9000 57697
9100 58347
9200 59180
9300 59818
9400 60709
9500 61245
9600 61981
9700 62713
9800 63416
9900 64136
10000 64871
