100 2534
200 10079
300 21989
400 39690
500 62296
600 89318
700 122352
800 161785
900 203431
1000 251776
1100 301201
1200 361565
1300 421127
1400 492567
1500 558814
1600 643583
1700 721494
1800 806493
1900 904227
2000 999954
2100 1102907
2200 1207587
2300 1320670
2400 1432098
2500 1552076
2600 1687977
2700 1821461
2800 1947655
2900 2112526
3000 2244172
3100 2403853
3200 2562391
3300 2717779
3400 2863531
3500 3061810
3600 3233187
3700 3420489
3800 3606958
3900 3809288
4000 3997555
4100 4198985
4200 4406980
4300 4623424
4400 4835136
4500 5072206
4600 5278824
4700 5503362
4800 5756666
4900 5978005
5000 6233000
5100 6513198
5200 6743421
5300 7014755
5400 7355199
5500 7550389
5600 7848187
5700 8140071
5800 8412017
5900 8708020
6000 8976850
6100 9349668
6200 9634653
6300 9947459
6400 10227095
6500 10572140
6600 10878842
6700 11234876
6800 11499639
6900 11882763
7000 12242265
7100 12600780
7200 12976816
7300 13326549
7400 13720569
7500 14047880
7600 14421951
7700 14832172
7800 15215007
7900 15607066
8000 16048318
8100 16417850
8200 16741862
8300 17175165
8400 17703575
8500 18050610
8600 18462854
8700 18916919
8800 19396703
8900 19774331
9000 20218031
9100 20637381
9200 21121117
9300 21622852
9400 22034667
9500 22557276
9600 23043279
9700 23455030
9800 23972821
9900 24522882
10000 24923636
