100 0.0
200 0.0
300 9.999275207519531e-5
400 0.0
500 0.0
600 0.0
700 9.999275207519531e-5
800 0.00019998550415039061
900 0.00020000934600830078
1000 0.00020000934600830078
1100 0.0003999948501586914
1200 0.0003000020980834961
1300 0.00039997100830078123
1400 0.00040001869201660155
1500 0.0003999948501586914
1600 0.0006000041961669922
1700 0.0006999969482421875
1800 0.0006999969482421875
1900 0.0009000062942504883
2000 0.0009999990463256836
2100 0.0009999752044677734
2200 0.0012000083923339843
2300 0.0013000011444091798
2400 0.001399993896484375
2500 0.0015000104904174805
2600 0.0016000032424926757
2700 0.0017999887466430664
2800 0.0019999980926513673
2900 0.0019999980926513673
3000 0.002200007438659668
3100 0.002300000190734863
3200 0.0023000240325927734
3300 0.0026000022888183595
3400 0.00279998779296875
3500 0.0028000116348266602
3600 0.0032000064849853514
3700 0.003099966049194336
3800 0.003299999237060547
3900 0.0034000158309936525
4000 0.0037999868392944334
4100 0.003900003433227539
4200 0.004099988937377929
4300 0.00430002212524414
4400 0.004600000381469726
4500 0.004999995231628418
4600 0.004999995231628418
4700 0.005199980735778808
4800 0.005500006675720215
4900 0.005500006675720215
5000 0.0056999921798706055
5100 0.006300020217895508
5200 0.006800007820129394
5300 0.006499981880187989
5400 0.00690000057220459
5500 0.007200002670288086
5600 0.006999993324279785
5700 0.007700014114379883
5800 0.007799983024597168
5900 0.007600021362304687
6000 0.008099985122680665
6100 0.008800005912780762
6200 0.009000015258789063
6300 0.008999991416931152
6400 0.00969998836517334
6500 0.009600019454956055
6600 0.010100007057189941
6700 0.010400009155273438
6800 0.010599994659423828
6900 0.010800004005432129
7000 0.01140000820159912
7100 0.011700010299682618
7200 0.012000012397766113
7300 0.012100005149841308
7400 0.012200021743774414
7500 0.013000011444091797
7600 0.013400006294250488
7700 0.013699984550476075
7800 0.013899993896484376
7900 0.014400005340576172
8000 0.014899992942810058
8100 0.014800024032592774
8200 0.01549999713897705
8300 0.015900015830993652
8400 0.015899968147277833
8500 0.01620001792907715
8600 0.016700005531311034
8700 0.017700004577636718
8800 0.0173999547958374
8900 0.01809999942779541
9000 0.0192000150680542
9100 0.019299983978271484
9200 0.01960000991821289
9300 0.01960000991821289
9400 0.021199989318847656
9500 0.021600008010864258
9600 0.02139999866485596
9700 0.02179999351501465
9800 0.02220001220703125
9900 0.022699975967407228
10000 0.02330000400543213
