100 2633
200 10278
300 22288
400 40089
500 62795
600 89917
700 123051
800 162584
900 204330
1000 252775
1100 302300
1200 362764
1300 422426
1400 493966
1500 560313
1600 645182
1700 723193
1800 808292
1900 906126
2000 1001953
2100 1105006
2200 1209786
2300 1322969
2400 1434497
2500 1554575
2600 1690576
2700 1824160
2800 1950454
2900 2115425
3000 2247171
3100 2406952
3200 2565590
3300 2721078
3400 2866930
3500 3065309
3600 3236786
3700 3424188
3800 3610757
3900 3813187
4000 4001554
4100 4203084
4200 4411179
4300 4627723
4400 4839535
4500 5076705
4600 5283423
4700 5508061
4800 5761465
4900 5982904
5000 6237999
5100 6518297
5200 6748620
5300 7020054
5400 7360598
5500 7555888
5600 7853786
5700 8145770
5800 8417816
5900 8713919
6000 8982849
6100 9355767
6200 9640852
6300 9953758
6400 10233494
6500 10578639
6600 10885441
6700 11241575
6800 11506438
6900 11889662
7000 12249264
7100 12607879
7200 12984015
7300 13333848
7400 13727968
7500 14055379
7600 14429550
7700 14839871
7800 15222806
7900 15614965
8000 16056317
8100 16425949
8200 16750061
8300 17183464
8400 17711974
8500 18059109
8600 18471453
8700 18925618
8800 19405502
8900 19783230
9000 20227030
9100 20646480
9200 21130316
9300 21632151
9400 22044066
9500 22566775
9600 23052878
9700 23464729
9800 23982620
9900 24532781
10000 24933635
