100 337
200 774
300 1241
400 1746
500 2237
600 2775
700 3353
800 3908
900 4379
1000 4965
1100 5551
1200 6149
1300 6786
1400 7396
1500 8054
1600 8608
1700 9070
1800 9639
1900 10249
2000 10962
2100 11590
2200 12189
2300 12866
2400 13471
2500 14186
2600 14854
2700 15488
2800 16223
2900 16925
3000 17630
3100 18343
3200 18826
3300 19315
3400 19846
3500 20434
3600 21066
3700 21720
3800 22417
3900 23146
4000 23887
4100 24730
4200 25302
4300 25920
4400 26593
4500 27255
4600 28049
4700 28720
4800 29389
4900 30083
5000 30820
5100 31629
5200 32300
5300 33002
5400 33724
5500 34416
5600 35218
5700 35942
5800 36690
5900 37455
6000 38276
6100 39057
6200 39772
6300 40205
6400 40866
6500 41339
6600 41948
6700 42540
6800 43152
6900 43737
7000 44347
7100 45055
7200 45699
7300 46418
7400 47149
7500 47869
7600 48663
7700 49454
7800 50254
7900 50986
8000 51817
8100 52684
8200 53574
8300 54151
8400 54813
8500 55484
8600 56184
8700 56920
8800 57561
8900 58300
9000 59056
9100 59842
9200 60632
9300 61302
9400 62003
9500 62704
9600 63517
9700 64358
9800 65112
9900 65860
10000 66715
