100 0.0
200 0.0
300 0.0
400 9.999275207519531e-5
500 9.999275207519531e-5
600 0.00010001659393310547
700 9.999275207519531e-5
800 9.999275207519531e-5
900 0.00010001659393310547
1000 0.00019998550415039061
1100 0.0
1200 0.00019998550415039061
1300 0.00020000934600830078
1400 0.00020000934600830078
1500 9.999275207519531e-5
1600 0.0003000020980834961
1700 0.0003000020980834961
1800 0.00019998550415039061
1900 0.0003000020980834961
2000 0.0003999948501586914
2100 0.0003000020980834961
2200 0.0003999948501586914
2300 0.0003000020980834961
2400 0.0003000020980834961
2500 0.005400013923645019
2600 0.0003999948501586914
2700 0.0004999876022338867
2800 0.00040001869201660155
2900 0.0004999876022338867
3000 0.005800008773803711
3100 0.0005000114440917968
3200 0.0004999876022338867
3300 0.0048000097274780275
3400 0.0005000114440917968
3500 0.000599980354309082
3600 0.0003999948501586914
3700 0.0006999969482421875
3800 0.0004999876022338867
3900 0.0006999969482421875
4000 0.000800013542175293
4100 0.0006000041961669922
4200 0.0006999969482421875
4300 0.000599980354309082
4400 0.000800013542175293
4500 0.000800013542175293
4600 0.0006999731063842774
4700 0.0006000041961669922
4800 0.000800013542175293
4900 0.0007000207901000976
5000 0.0009000062942504883
5100 0.0008999824523925782
5200 0.0009000062942504883
5300 0.0006999969482421875
5400 0.0009000062942504883
5500 0.000800013542175293
5600 0.0007999897003173828
5700 0.001100015640258789
5800 0.00020000934600830078
5900 0.0009000062942504883
6000 0.0007999897003173828
6100 0.0009999990463256836
6200 0.0009999990463256836
6300 0.0008999824523925782
6400 0.0009999990463256836
6500 0.001100015640258789
6600 0.0010999917984008789
6700 0.0012000083923339843
6800 0.0010000228881835937
6900 0.0010999917984008789
7000 0.0011999845504760743
7100 0.0012000083923339843
7200 0.0012000083923339843
7300 0.0011999845504760743
7400 0.0010999917984008789
7500 0.001100015640258789
7600 0.0013000011444091798
7700 0.0013000249862670898
7800 0.001399993896484375
7900 0.0012000083923339843
8000 0.0014000177383422852
8100 0.001399993896484375
8200 0.0014000177383422852
8300 0.0014999866485595702
8400 0.0015000104904174805
8500 0.0016000032424926757
8600 0.0014999866485595702
8700 0.0016000032424926757
8800 0.0011999845504760743
8900 0.0015000104904174805
9000 0.0016000032424926757
9100 0.0015000104904174805
9200 0.0014999866485595702
9300 0.0015000104904174805
9400 0.0016999959945678711
9500 0.0016000032424926757
9600 0.0014999866485595702
9700 0.0017000198364257812
9800 0.0015999794006347657
9900 0.0015000104904174805
10000 0.0018000125885009766
