100 0.0
200 0.0
300 0.00010001659393310547
400 0.0
500 9.999275207519531e-5
600 0.0
700 9.999275207519531e-5
800 9.999275207519531e-5
900 0.00010001659393310547
1000 9.999275207519531e-5
1100 9.999275207519531e-5
1200 0.00020000934600830078
1300 0.00020000934600830078
1400 0.0
1500 9.999275207519531e-5
1600 0.00019998550415039061
1700 0.00020000934600830078
1800 0.00019998550415039061
1900 0.00020000934600830078
2000 9.999275207519531e-5
2100 0.00020000934600830078
2200 0.00020000934600830078
2300 0.0003999948501586914
2400 0.00020000934600830078
2500 0.0003000020980834961
2600 0.005200004577636719
2700 0.00029997825622558595
2800 0.0003000020980834961
2900 0.00030002593994140627
3000 0.0003999948501586914
3100 0.0003000020980834961
3200 0.00019998550415039061
3300 0.0003999948501586914
3400 0.005200028419494629
3500 0.0003000020980834961
3600 0.0004999876022338867
3700 0.0005000114440917968
3800 0.0004999876022338867
3900 0.005700016021728515
4000 0.0004999876022338867
4100 0.0003999948501586914
4200 0.0003999948501586914
4300 0.00039997100830078123
4400 0.004799985885620117
4500 0.00040001869201660155
4600 0.0004999876022338867
4700 0.00030002593994140627
4800 0.000599980354309082
4900 0.0004999876022338867
5000 0.0006000041961669922
5100 0.0007000207901000976
5200 0.0006999969482421875
5300 0.0006999731063842774
5400 0.0006999969482421875
5500 0.0007000207901000976
5600 0.0006999969482421875
5700 0.000599980354309082
5800 0.0007999897003173828
5900 0.0009000062942504883
6000 0.0006000041961669922
6100 0.000800013542175293
6200 0.0007999897003173828
6300 0.0007999897003173828
6400 0.0006000041961669922
6500 0.0007000207901000976
6600 0.0009999990463256836
6700 0.0009000062942504883
6800 0.00040001869201660155
6900 0.000800013542175293
7000 0.0010999917984008789
7100 0.0009999990463256836
7200 0.0009999990463256836
7300 0.0009999990463256836
7400 0.0008999824523925782
7500 0.001100015640258789
7600 0.0009999990463256836
7700 0.0010999917984008789
7800 0.0010999917984008789
7900 0.0010000228881835937
8000 0.0010000228881835937
8100 0.0009999752044677734
8200 0.0012000083923339843
8300 0.0012000083923339843
8400 0.0010000228881835937
8500 0.0013000011444091798
8600 0.0010999917984008789
8700 0.0011999845504760743
8800 0.0009999990463256836
8900 0.001100015640258789
9000 0.0010999917984008789
9100 0.0010999679565429688
9200 0.0011999845504760743
9300 0.0010999917984008789
9400 0.0014000177383422852
9500 0.0013000011444091798
9600 0.0013000011444091798
9700 0.0010999917984008789
9800 0.0014000177383422852
9900 0.0012999773025512695
10000 0.0013000249862670898
