100 540
200 1284
300 2093
400 2961
500 3855
600 4804
700 5749
800 6715
900 7705
1000 8704
1100 9728
1200 10770
1300 11837
1400 12882
1500 13956
1600 15029
1700 16127
1800 17226
1900 18310
2000 19397
2100 20543
2200 21673
2300 22797
2400 23974
2500 25112
2600 26253
2700 27427
2800 28585
2900 29746
3000 30927
3100 32109
3200 33268
3300 34472
3400 35654
3500 36836
3600 38035
3700 39227
3800 40434
3900 41629
4000 42817
4100 44036
4200 45255
4300 46522
4400 47746
4500 48999
4600 50213
4700 51502
4800 52741
4900 54012
5000 55228
5100 56474
5200 57732
5300 59020
5400 60245
5500 61519
5600 62776
5700 64053
5800 65291
5900 66573
6000 67839
6100 69101
6200 70379
6300 71672
6400 72939
6500 74245
6600 75520
6700 76810
6800 78080
6900 79392
7000 80681
7100 81958
7200 83285
7300 84557
7400 85863
7500 87152
7600 88424
7700 89741
7800 91038
7900 92365
8000 93637
8100 94936
8200 96251
8300 97560
8400 98915
8500 100244
8600 101609
8700 102928
8800 104327
8900 105660
9000 106966
9100 108353
9200 109670
9300 110994
9400 112354
9500 113713
9600 115041
9700 116416
9800 117762
9900 119107
10000 120454
