100 263
200 622
300 1011
400 1437
500 1907
600 2318
700 2795
800 3288
900 3790
1000 4309
1100 4785
1200 5269
1300 5777
1400 6282
1500 6853
1600 7381
1700 7884
1800 8477
1900 9028
2000 9625
2100 10172
2200 10642
2300 11217
2400 11696
2500 12276
2600 12857
2700 13366
2800 13959
2900 14569
3000 15200
3100 15814
3200 16350
3300 16912
3400 17463
3500 18080
3600 18737
3700 19321
3800 19940
3900 20576
4000 21261
4100 21998
4200 22434
4300 22937
4400 23522
4500 24067
4600 24696
4700 25225
4800 25826
4900 26435
5000 27070
5100 27768
5200 28311
5300 28852
5400 29478
5500 30107
5600 30760
5700 31385
5800 32044
5900 32719
6000 33350
6100 34105
6200 34753
6300 35254
6400 35897
6500 36450
6600 37090
6700 37734
6800 38346
6900 39025
7000 39711
7100 40416
7200 41082
7300 41686
7400 42301
7500 42967
7600 43672
7700 44395
7800 45038
7900 45750
8000 46486
8100 47247
8200 48120
8300 48562
8400 49071
8500 49637
8600 50218
8700 50875
8800 51397
8900 52014
9000 52653
9100 53299
9200 54046
9300 54580
9400 55174
9500 55799
9600 56430
9700 57130
9800 57747
9900 58433
10000 59162
