100 506
200 1207
300 1971
400 2806
500 3642
600 4530
700 5457
800 6415
900 7345
1000 8303
1100 9275
1200 10290
1300 11270
1400 12339
1500 13360
1600 14402
1700 15451
1800 16483
1900 17516
2000 18585
2100 19636
2200 20768
2300 21821
2400 22920
2500 24047
2600 25141
2700 26303
2800 27436
2900 28599
3000 29756
3100 30864
3200 32009
3300 33136
3400 34257
3500 35443
3600 36565
3700 37704
3800 38860
3900 39995
4000 41172
4100 42306
4200 43509
4300 44693
4400 45870
4500 47085
4600 48258
4700 49491
4800 50661
4900 51839
5000 53060
5100 54306
5200 55518
5300 56747
5400 57990
5500 59237
5600 60499
5700 61714
5800 62970
5900 64212
6000 65481
6100 66705
6200 67981
6300 69199
6400 70448
6500 71665
6600 72868
6700 74195
6800 75405
6900 76595
7000 77854
7100 79139
7200 80324
7300 81612
7400 82809
7500 84114
7600 85344
7700 86583
7800 87843
7900 89024
8000 90274
8100 91571
8200 92763
8300 94148
8400 95381
8500 96697
8600 98013
8700 99356
8800 100543
8900 101903
9000 103173
9100 104479
9200 105767
9300 107051
9400 108364
9500 109654
9600 110966
9700 112231
9800 113538
9900 114824
10000 116097
