100 0.0
200 0.0
300 0.0
400 0.0
500 0.0
600 0.0
700 9.999275207519531e-5
800 0.0
900 0.00010001659393310547
1000 0.0
1100 0.0
1200 0.0
1300 0.00010001659393310547
1400 0.00019998550415039061
1500 0.00010001659393310547
1600 9.999275207519531e-5
1700 0.0
1800 0.00010001659393310547
1900 0.00019998550415039061
2000 0.00010001659393310547
2100 9.999275207519531e-5
2200 0.00020000934600830078
2300 0.00020000934600830078
2400 0.00019998550415039061
2500 0.0003000020980834961
2600 9.999275207519531e-5
2700 0.00019998550415039061
2800 0.00020000934600830078
2900 9.999275207519531e-5
3000 0.0003000020980834961
3100 0.00019998550415039061
3200 0.0003000020980834961
3300 0.0003000020980834961
3400 0.0003000020980834961
3500 0.00020000934600830078
3600 0.00019998550415039061
3700 0.0003999948501586914
3800 0.0003000020980834961
3900 0.00029997825622558595
4000 0.0003000020980834961
4100 0.0003999948501586914
4200 0.0003000020980834961
4300 0.00019998550415039061
4400 0.0003000020980834961
4500 0.00020000934600830078
4600 0.0003999948501586914
4700 0.00040001869201660155
4800 0.0003000020980834961
4900 0.0003000020980834961
5000 0.0003000020980834961
5100 0.0004999876022338867
5200 0.00019998550415039061
5300 0.0005000114440917968
5400 0.0004999876022338867
5500 0.0005000114440917968
5600 0.0004999876022338867
5700 0.0005000114440917968
5800 0.00040001869201660155
5900 0.0004999876022338867
6000 0.0003999948501586914
6100 0.0004999876022338867
6200 0.00039997100830078123
6300 0.0005000114440917968
6400 0.0005000114440917968
6500 0.0004999876022338867
6600 0.0005000114440917968
6700 0.0004999876022338867
6800 0.0004999876022338867
6900 0.000599980354309082
7000 0.00040001869201660155
7100 0.0006999969482421875
7200 0.0005000114440917968
7300 0.0005000114440917968
7400 0.0004999876022338867
7500 0.000599980354309082
7600 0.000599980354309082
7700 0.0006000280380249023
7800 0.0004999637603759766
7900 0.000599980354309082
8000 0.0005000114440917968
8100 0.0007000207901000976
8200 0.0006000041961669922
8300 0.000599980354309082
8400 0.0006000041961669922
8500 0.0006000041961669922
8600 0.0007000207901000976
8700 0.000599980354309082
8800 0.000800013542175293
8900 0.0006000041961669922
9000 0.000800013542175293
9100 0.0006999969482421875
9200 0.0006999969482421875
9300 0.000800013542175293
9400 0.0006999731063842774
9500 0.000800013542175293
9600 0.0007000207901000976
9700 0.0007000207901000976
9800 0.0008999824523925782
9900 0.0007999897003173828
10000 0.0006999969482421875
