100 342
200 829
300 1422
400 1926
500 2801
600 3442
700 3808
800 4645
900 5027
1000 6116
1100 6418
1200 7568
1300 8004
1400 8785
1500 9099
1600 9751
1700 10752
1800 12311
1900 12556
2000 13092
2100 13640
2200 15080
2300 14510
2400 16327
2500 16010
2600 18471
2700 17898
2800 19174
2900 20441
3000 20533
3100 22366
3200 22475
3300 22760
3400 23753
3500 25465
3600 25978
3700 26547
3800 28352
3900 29089
4000 28970
4100 28861
4200 30384
4300 31252
4400 32657
4500 32646
4600 34114
4700 35376
4800 34964
4900 35620
5000 38856
5100 37803
5200 39520
5300 39822
5400 39911
5500 41987
5600 43225
5700 43482
5800 42648
5900 44662
6000 44841
6100 46991
6200 46186
6300 47988
6400 48948
6500 50505
6600 52251
6700 51839
6800 53073
6900 52305
7000 54098
7100 57648
7200 55967
7300 57543
7400 57396
7500 57350
7600 61910
7700 59972
7800 62820
7900 63637
8000 62525
8100 64012
8200 63892
8300 67695
8400 65572
8500 68492
8600 68736
8700 68778
8800 70638
8900 70948
9000 71669
9100 69901
9200 72392
9300 72379
9400 77526
9500 75878
9600 80499
9700 76683
9800 79393
9900 79994
10000 83304
