100 0.0
200 0.0
300 0.0
400 9.999275207519531e-5
500 0.0
600 0.0
700 0.0
800 0.0
900 0.0
1000 0.0
1100 9.999275207519531e-5
1200 9.999275207519531e-5
1300 0.00020000934600830078
1400 0.00010001659393310547
1500 9.999275207519531e-5
1600 0.00019998550415039061
1700 0.00020000934600830078
1800 0.0003000020980834961
1900 0.00020000934600830078
2000 0.00019998550415039061
2100 9.999275207519531e-5
2200 0.0003000020980834961
2300 0.00020000934600830078
2400 0.0003000020980834961
2500 0.00019998550415039061
2600 0.0003000020980834961
2700 0.0003000020980834961
2800 0.0003000020980834961
2900 0.0003999948501586914
3000 0.0003999948501586914
3100 0.005900001525878907
3200 0.0003000020980834961
3300 0.00040001869201660155
3400 0.0003000020980834961
3500 0.0003000020980834961
3600 0.0005000114440917968
3700 0.0003999948501586914
3800 0.006100010871887207
3900 0.0003999948501586914
4000 0.0004999876022338867
4100 0.0004999876022338867
4200 0.0005000114440917968
4300 0.0006000041961669922
4400 0.006199979782104492
4500 0.0005000114440917968
4600 0.0005000114440917968
4700 0.0006000041961669922
4800 0.0004999637603759766
4900 0.005099987983703614
5000 0.0006999969482421875
5100 0.0006000041961669922
5200 0.0006000041961669922
5300 0.0004999876022338867
5400 0.000800013542175293
5500 0.0009000062942504883
5600 0.0006999969482421875
5700 0.0007999897003173828
5800 0.0005000114440917968
5900 0.000800013542175293
6000 0.0006999969482421875
6100 0.0006999969482421875
6200 0.0007999897003173828
6300 0.0006999969482421875
6400 0.0009000062942504883
6500 0.0009999990463256836
6600 0.0009000062942504883
6700 0.0007999897003173828
6800 0.0009999990463256836
6900 0.0006999969482421875
7000 0.0009999990463256836
7100 0.0009999990463256836
7200 0.0006999969482421875
7300 0.0009999990463256836
7400 0.0006000280380249023
7500 0.0006999969482421875
7600 0.0003000020980834961
7700 0.0009000062942504883
7800 0.0007999897003173828
7900 0.0008000373840332031
8000 0.0009999990463256836
8100 0.0013000249862670898
8200 0.0012000083923339843
8300 0.0010000228881835937
8400 0.0010999917984008789
8500 0.0010000228881835937
8600 0.0011999845504760743
8700 0.001100015640258789
8800 0.0010999917984008789
8900 0.0010000228881835937
9000 0.0011999845504760743
9100 0.001100015640258789
9200 0.0012000083923339843
9300 0.0009999752044677734
9400 0.0010999917984008789
9500 0.0010999917984008789
9600 0.0012999773025512695
9700 0.0009999990463256836
9800 0.0011999845504760743
9900 0.0012000083923339843
10000 0.0012000083923339843
