100 551
200 1301
300 2148
400 2995
500 3925
600 4879
700 5879
800 6786
900 7785
1000 8841
1100 9908
1200 10979
1300 12064
1400 13180
1500 14108
1600 15177
1700 16292
1800 17421
1900 18558
2000 19690
2100 20858
2200 22005
2300 23142
2400 24331
2500 25587
2600 26741
2700 27979
2800 29129
2900 30176
3000 31254
3100 32340
3200 33539
3300 34763
3400 35961
3500 37204
3600 38400
3700 39645
3800 40934
3900 42136
4000 43422
4100 44606
4200 45915
4300 47168
4400 48421
4500 49700
4600 50950
4700 52222
4800 53481
4900 54792
5000 56092
5100 57408
5200 58636
5300 60021
5400 61258
5500 62532
5600 63909
5700 65064
5800 66237
5900 67365
6000 68460
6100 69624
6200 70871
6300 72191
6400 73487
6500 74833
6600 76112
6700 77444
6800 78753
6900 80039
7000 81429
7100 82767
7200 84041
7300 85365
7400 86696
7500 88079
7600 89359
7700 90698
7800 92077
7900 93412
8000 94794
8100 96121
8200 97487
8300 98847
8400 100229
8500 101571
8600 102908
8700 104306
8800 105696
8900 106961
9000 108289
9100 109723
9200 111146
9300 112495
9400 113952
9500 115283
9600 116633
9700 118022
9800 119321
9900 120800
10000 122109
