100 284
200 780
300 1180
400 1711
500 2261
600 2718
700 3260
800 4179
900 4410
1000 5047
1100 5875
1200 6727
1300 7029
1400 7867
1500 8493
1600 9089
1700 9722
1800 10564
1900 10742
2000 12155
2100 12370
2200 13365
2300 13975
2400 14812
2500 15601
2600 15836
2700 17675
2800 18174
2900 17888
3000 19445
3100 20169
3200 20924
3300 21132
3400 22165
3500 22694
3600 23609
3700 25075
3800 25654
3900 26348
4000 25136
4100 29134
4200 28945
4300 28680
4400 28311
4500 30671
4600 31046
4700 32502
4800 32410
4900 32455
5000 33519
5100 35544
5200 34591
5300 35949
5400 36653
5500 37648
5600 38746
5700 39608
5800 41988
5900 40088
6000 42405
6100 42316
6200 45203
6300 45078
6400 45976
6500 47717
6600 48182
6700 49140
6800 49844
6900 47283
7000 48703
7100 52140
7200 50684
7300 52385
7400 51813
7500 55378
7600 54459
7700 56364
7800 57052
7900 57735
8000 59244
8100 59045
8200 60923
8300 59472
8400 61909
8500 63684
8600 64455
8700 65717
8800 66320
8900 67911
9000 65351
9100 65992
9200 69110
9300 70304
9400 74021
9500 71396
9600 72935
9700 68203
9800 73024
9900 74317
10000 77443
