100 679
200 1574
300 2601
400 3631
500 5020
600 6266
700 7070
800 8637
900 9608
1000 11356
1100 12082
1200 13980
1300 14761
1400 16113
1500 17700
1600 18554
1700 19745
1800 22738
1900 23890
2000 24427
2100 26434
2200 27859
2300 28425
2400 30554
2500 31824
2600 34093
2700 33883
2800 36485
2900 38489
3000 38789
3100 40897
3200 43125
3300 44101
3400 45680
3500 48501
3600 48770
3700 50590
3800 52549
3900 53618
4000 55829
4100 57499
4200 57999
4300 59438
4400 60600
4500 63156
4600 63736
4700 66829
4800 67388
4900 67948
5000 73405
5100 73400
5200 73078
5300 75368
5400 76588
5500 79269
5600 80358
5700 83325
5800 82199
5900 84318
6000 86785
6100 89953
6200 90086
6300 91966
6400 92576
6500 96467
6600 98290
6700 99043
6800 102616
6900 102297
7000 104297
7100 108248
7200 106186
7300 107104
7400 110014
7500 112194
7600 115650
7700 113343
7800 118767
7900 120181
8000 120943
8100 124592
8200 124743
8300 125147
8400 126835
8500 128693
8600 129828
8700 131363
8800 138027
8900 136575
9000 142927
9100 137386
9200 141118
9300 147652
9400 148387
9500 146898
9600 152416
9700 147997
9800 154048
9900 153591
10000 155965
