100 269
200 651
300 1046
400 1488
500 1934
600 2390
700 2869
800 3376
900 3873
1000 4365
1100 4861
1200 5377
1300 5900
1400 6436
1500 7016
1600 7552
1700 8078
1800 8655
1900 9164
2000 9726
2100 10268
2200 10804
2300 11466
2400 11948
2500 12536
2600 13100
2700 13668
2800 14301
2900 14906
3000 15535
3100 16171
3200 16712
3300 17269
3400 17852
3500 18466
3600 19139
3700 19651
3800 20228
3900 20805
4000 21449
4100 22171
4200 22648
4300 23250
4400 23850
4500 24498
4600 25168
4700 25743
4800 26320
4900 26937
5000 27563
5100 28279
5200 28835
5300 29417
5400 30063
5500 30710
5600 31372
5700 32043
5800 32640
5900 33373
6000 34062
6100 34823
6200 35442
6300 35976
6400 36626
6500 37173
6600 37850
6700 38481
6800 39101
6900 39798
7000 40451
7100 41149
7200 41863
7300 42408
7400 42995
7500 43613
7600 44245
7700 44969
7800 45558
7900 46195
8000 46929
8100 47612
8200 48375
8300 48918
8400 49487
8500 50127
8600 50809
8700 51511
8800 52109
8900 52763
9000 53488
9100 54185
9200 54960
9300 55561
9400 56156
9500 56836
9600 57428
9700 58126
9800 58814
9900 59391
10000 60157
