100 0.0
200 9.999275207519531e-5
300 0.0
400 0.0
500 0.0
600 9.999275207519531e-5
700 0.0
800 0.00010001659393310547
900 9.999275207519531e-5
1000 0.0
1100 9.999275207519531e-5
1200 9.999275207519531e-5
1300 0.0
1400 9.999275207519531e-5
1500 9.999275207519531e-5
1600 9.999275207519531e-5
1700 0.0
1800 0.00010001659393310547
1900 9.999275207519531e-5
2000 9.999275207519531e-5
2100 0.00019998550415039061
2200 0.00010001659393310547
2300 0.00019998550415039061
2400 0.00020000934600830078
2500 9.999275207519531e-5
2600 0.00029997825622558595
2700 0.00010001659393310547
2800 0.00020000934600830078
2900 0.0003000020980834961
3000 0.00019998550415039061
3100 0.0003000020980834961
3200 0.0003000020980834961
3300 0.00019998550415039061
3400 0.00020000934600830078
3500 9.999275207519531e-5
3600 0.00019998550415039061
3700 0.0003000020980834961
3800 0.00020000934600830078
3900 0.00019998550415039061
4000 0.0
4100 0.0
4200 0.0003000020980834961
4300 0.0003000020980834961
4400 0.00020000934600830078
4500 0.0003000020980834961
4600 0.0003999948501586914
4700 0.00030002593994140627
4800 0.00029997825622558595
4900 0.0003999948501586914
5000 0.00019998550415039061
5100 0.0005000114440917968
5200 0.00040001869201660155
5300 0.0003000020980834961
5400 0.0003000020980834961
5500 0.0003999948501586914
5600 0.00019998550415039061
5700 0.0005000114440917968
5800 0.0003000020980834961
5900 0.0005000114440917968
6000 0.0003999948501586914
6100 0.0003999948501586914
6200 0.0003999948501586914
6300 0.00040001869201660155
6400 0.0003999948501586914
6500 0.0005000114440917968
6600 0.0005000114440917968
6700 0.0005000114440917968
6800 0.00040001869201660155
6900 0.000599980354309082
7000 0.00039997100830078123
7100 0.0005000114440917968
7200 0.0006000041961669922
7300 0.0005000114440917968
7400 0.000599980354309082
7500 0.0006999969482421875
7600 0.0005000114440917968
7700 0.0006000280380249023
7800 0.0004999876022338867
7900 0.000599980354309082
8000 0.0005000114440917968
8100 0.0005000114440917968
8200 0.0006000280380249023
8300 0.0004999637603759766
8400 0.0006999969482421875
8500 0.0007000207901000976
8600 0.0005000114440917968
8700 0.0005000114440917968
8800 0.0007000207901000976
8900 0.0006999969482421875
9000 0.0006999969482421875
9100 0.0006000041961669922
9200 0.0006999969482421875
9300 0.0006000041961669922
9400 0.0006000041961669922
9500 0.0007999897003173828
9600 0.0007000207901000976
9700 0.0006999731063842774
9800 0.0007999897003173828
9900 0.0009999990463256836
10000 0.000800013542175293
