100 598
200 1481
300 2469
400 3452
500 4522
600 5695
700 6975
800 8152
900 9250
1000 10575
1100 11845
1200 13342
1300 14329
1400 15896
1500 17262
1600 19013
1700 19682
1800 21202
1900 22148
2000 24143
2100 25355
2200 27662
2300 27624
2400 30123
2500 30737
2600 32516
2700 34798
2800 36081
2900 37027
3000 38791
3100 40430
3200 41541
3300 43042
3400 44788
3500 45540
3600 47707
3700 48649
3800 51382
3900 52266
4000 52021
4100 56110
4200 58715
4300 58179
4400 59467
4500 61203
4600 63250
4700 65445
4800 66004
4900 68259
5000 69814
5100 71023
5200 71319
5300 74066
5400 75243
5500 79070
5600 80090
5700 80752
5800 84291
5900 82987
6000 86190
6100 87713
6200 90004
6300 90383
6400 93082
6500 95218
6600 94487
6700 98262
6800 98354
6900 99456
7000 101020
7100 103512
7200 105119
7300 105815
7400 108243
7500 114129
7600 111601
7700 112315
7800 113723
7900 118795
8000 117681
8100 120511
8200 118928
8300 122231
8400 123438
8500 125876
8600 130026
8700 128948
8800 133111
8900 135125
9000 136225
9100 137599
9200 137172
9300 140313
9400 145633
9500 145723
9600 142657
9700 145542
9800 146773
9900 150042
10000 153546
