100 2525
200 9914
300 22598
400 40098
500 61779
600 88440
700 121544
800 162732
900 200405
1000 251567
1100 301322
1200 357993
1300 426738
1400 484764
1500 560822
1600 635614
1700 717167
1800 811684
1900 902347
2000 1001021
2100 1094782
2200 1214576
2300 1325694
2400 1440623
2500 1569549
2600 1687088
2700 1816588
2800 1964876
2900 2100299
3000 2239099
3100 2388752
3200 2543253
3300 2742775
3400 2906673
3500 3077452
3600 3243191
3700 3418069
3800 3583501
3900 3810634
4000 3995668
4100 4202351
4200 4418742
4300 4616726
4400 4866818
4500 5061679
4600 5283101
4700 5547577
4800 5760514
4900 6022568
5000 6238997
5100 6492038
5200 6786434
5300 7024207
5400 7303587
5500 7559220
5600 7798788
5700 8132564
5800 8411778
5900 8727395
6000 8995161
6100 9308086
6200 9583914
6300 9951283
6400 10227833
6500 10613889
6600 10887768
6700 11217696
6800 11596431
6900 11885133
7000 12211212
7100 12573411
7200 12911369
7300 13314849
7400 13689902
7500 14045799
7600 14343742
7700 14812766
7800 15211154
7900 15634591
8000 16004539
8100 16372018
8200 16780135
8300 17219044
8400 17644029
8500 18071799
8600 18451620
8700 18929842
8800 19400846
8900 19876065
9000 20218861
9100 20634572
9200 21118708
9300 21566057
9400 22084901
9500 22547749
9600 23081257
9700 23477124
9800 23902747
9900 24535110
10000 24998038
