100 9.999275207519531e-5
200 0.0
300 0.0003000020980834961
400 0.000599980354309082
500 0.000800013542175293
600 0.0011999845504760743
700 0.0014999866485595702
800 0.002200007438659668
900 0.0026000022888183595
1000 0.0032000064849853514
1100 0.0037999868392944334
1200 0.004699993133544922
1300 0.005800008773803711
1400 0.006499981880187989
1500 0.007400012016296387
1600 0.008500003814697265
1700 0.00949997901916504
1800 0.010899996757507325
1900 0.012100005149841308
2000 0.013499999046325683
2100 0.014499998092651368
2200 0.016700005531311034
2300 0.017700004577636718
2400 0.018899989128112794
2500 0.020499992370605468
2600 0.023800015449523926
2700 0.02519998550415039
2800 0.02670001983642578
2900 0.028199982643127442
3000 0.029800009727478028
3100 0.033899998664855956
3200 0.03450000286102295
3300 0.03630001544952392
3400 0.04139997959136963
3500 0.04519999027252197
3600 0.04889998435974121
3700 0.050799989700317384
3800 0.05280001163482666
3900 0.055800008773803714
4000 0.05839998722076416
4100 0.05829999446868896
4200 0.05829999446868896
4300 0.060899996757507326
4400 0.06410000324249268
4500 0.06630001068115235
4600 0.07039997577667237
4700 0.075600004196167
4800 0.08480000495910645
4900 0.08819999694824218
5000 0.09230000972747802
5100 0.09749999046325683
5200 0.16629998683929442
5300 0.19359998703002929
5400 0.1502999782562256
5500 0.1380000352859497
5600 0.1425999879837036
5700 0.13599998950958253
5800 0.11210000514984131
5900 0.11419997215270997
6000 0.12350003719329834
6100 0.13630001544952391
6200 0.14010000228881836
6300 0.13749997615814208
6400 0.13580000400543213
6500 0.13860001564025878
6600 0.15230000019073486
6700 0.16570000648498534
6800 0.16850001811981202
6900 0.15890002250671387
7000 0.16029996871948243
7100 0.17669999599456787
7200 0.1886000156402588
7300 0.1818999767303467
7400 0.18230001926422118
7500 0.18880000114440917
7600 0.20980000495910645
7700 0.20480000972747803
7800 0.20510001182556153
7900 0.21600000858306884
8000 0.23459999561309813
8100 0.22179999351501464
8200 0.2240000009536743
8300 0.2477999210357666
8400 0.24700000286102294
8500 0.23469998836517333
8600 0.2581000328063965
8700 0.32779998779296876
8800 0.45280001163482664
8900 0.29080002307891845
9000 0.29659998416900635
9100 0.27260000705718995
9200 0.28590002059936526
9300 0.3118000030517578
9400 0.28510000705718996
9500 0.3176000118255615
9600 0.31809999942779543
9700 0.3068999767303467
9800 0.3489000082015991
9900 0.31690001487731934
10000 0.35430002212524414
