100 541
200 1279
300 2092
400 2960
500 3854
600 4795
700 5752
800 6721
900 7706
1000 8694
1100 9752
1200 10790
1300 11836
1400 12896
1500 13975
1600 15049
1700 16126
1800 17223
1900 18311
2000 19419
2100 20538
2200 21668
2300 22829
2400 23957
2500 25116
2600 26270
2700 27425
2800 28579
2900 29746
3000 30926
3100 32094
3200 33263
3300 34472
3400 35661
3500 36852
3600 38031
3700 39236
3800 40428
3900 41633
4000 42815
4100 44031
4200 45267
4300 46516
4400 47753
4500 48987
4600 50240
4700 51464
4800 52728
4900 53986
5000 55227
5100 56488
5200 57741
5300 58999
5400 60266
5500 61502
5600 62767
5700 64047
5800 65304
5900 66581
6000 67826
6100 69073
6200 70393
6300 71648
6400 72966
6500 74230
6600 75542
6700 76814
6800 78076
6900 79373
7000 80669
7100 81972
7200 83274
7300 84582
7400 85866
7500 87133
7600 88419
7700 89761
7800 91014
7900 92337
8000 93638
8100 94942
8200 96243
8300 97584
8400 98923
8500 100283
8600 101610
8700 102955
8800 104309
8900 105617
9000 106955
9100 108316
9200 109661
9300 111025
9400 112354
9500 113707
9600 115079
9700 116371
9800 117751
9900 119095
10000 120431
