100 0.0
200 0.0
300 0.0
400 0.0
500 9.999275207519531e-5
600 0.0
700 0.00010001659393310547
800 9.999275207519531e-5
900 0.0
1000 0.0
1100 0.0
1200 0.0
1300 9.999275207519531e-5
1400 0.0
1500 9.999275207519531e-5
1600 9.999275207519531e-5
1700 9.999275207519531e-5
1800 0.00020000934600830078
1900 9.999275207519531e-5
2000 0.00020000934600830078
2100 9.999275207519531e-5
2200 0.00020000934600830078
2300 0.00010001659393310547
2400 0.00019998550415039061
2500 0.00020000934600830078
2600 0.0003000020980834961
2700 0.00010001659393310547
2800 0.00020000934600830078
2900 9.999275207519531e-5
3000 0.00020000934600830078
3100 0.00020000934600830078
3200 0.00019998550415039061
3300 0.0003999948501586914
3400 0.0003000020980834961
3500 0.00019998550415039061
3600 0.00020000934600830078
3700 0.00030002593994140627
3800 0.0003000020980834961
3900 0.0003999948501586914
4000 0.0003000020980834961
4100 0.0003999948501586914
4200 0.0005000114440917968
4300 0.00029997825622558595
4400 0.00040001869201660155
4500 0.00029997825622558595
4600 0.0004999876022338867
4700 0.0003000020980834961
4800 0.0
4900 9.999275207519531e-5
5000 0.0005000114440917968
5100 0.0004999637603759766
5200 0.00040001869201660155
5300 0.0005000114440917968
5400 0.00039997100830078123
5500 0.0005000114440917968
5600 0.0005000114440917968
5700 0.0006000041961669922
5800 0.0004999876022338867
5900 0.0004999876022338867
6000 0.0004999876022338867
6100 0.0005000114440917968
6200 0.0006000041961669922
6300 0.0006000041961669922
6400 0.0004999876022338867
6500 0.0005000114440917968
6600 0.0006000041961669922
6700 0.0005000114440917968
6800 0.0006999731063842774
6900 0.0005000114440917968
7000 0.0006999969482421875
7100 0.0006999969482421875
7200 0.0005999565124511719
7300 0.000800013542175293
7400 0.0006000041961669922
7500 0.000599980354309082
7600 0.0006999969482421875
7700 0.000599980354309082
7800 0.000800013542175293
7900 0.0005000114440917968
8000 0.0007999897003173828
8100 0.0006999969482421875
8200 0.0007000207901000976
8300 0.0006999969482421875
8400 0.0008999824523925782
8500 0.0007000207901000976
8600 0.0004999876022338867
8700 0.0009999990463256836
8800 0.0006000041961669922
8900 0.0009999990463256836
9000 0.0009999990463256836
9100 0.0009999752044677734
9200 0.0009999990463256836
9300 0.0009999990463256836
9400 0.0009999990463256836
9500 0.0006000280380249023
9600 0.0009999990463256836
9700 0.0007999897003173828
9800 0.0008999824523925782
9900 0.0009000062942504883
10000 0.0009999990463256836
