100 9.999275207519531e-5
200 0.0
300 9.999275207519531e-5
400 0.0
500 0.0
600 0.0
700 9.999275207519531e-5
800 0.00010001659393310547
900 9.999275207519531e-5
1000 9.999275207519531e-5
1100 0.00020000934600830078
1200 9.999275207519531e-5
1300 0.00020000934600830078
1400 0.00020000934600830078
1500 0.00019998550415039061
1600 9.999275207519531e-5
1700 0.00019998550415039061
1800 0.00020000934600830078
1900 0.0003000020980834961
2000 0.0003000020980834961
2100 0.0003000020980834961
2200 0.0003000020980834961
2300 0.00029997825622558595
2400 0.0003000020980834961
2500 0.0003000020980834961
2600 0.00040001869201660155
2700 0.00019998550415039061
2800 0.00040001869201660155
2900 0.005299997329711914
3000 0.0003999948501586914
3100 0.00040001869201660155
3200 0.0004999876022338867
3300 0.0003999948501586914
3400 0.0003999948501586914
3500 0.0003999948501586914
3600 0.005299997329711914
3700 0.0004999876022338867
3800 0.0005000114440917968
3900 0.0005000114440917968
4000 0.0004999876022338867
4100 0.0005000114440917968
4200 0.005800008773803711
4300 0.0004999876022338867
4400 0.0006000041961669922
4500 0.0006000041961669922
4600 0.0006000041961669922
4700 0.0006000041961669922
4800 0.004700016975402832
4900 0.0006000041961669922
5000 0.0007999897003173828
5100 0.0006000280380249023
5200 0.0007999897003173828
5300 0.0007999897003173828
5400 0.0007000207901000976
5500 0.0006999731063842774
5600 0.0006000041961669922
5700 0.0007999897003173828
5800 0.0006000041961669922
5900 0.0006999731063842774
6000 0.0009999990463256836
6100 0.0009999990463256836
6200 0.000800013542175293
6300 0.0005000114440917968
6400 0.0009999990463256836
6500 0.000800013542175293
6600 0.0009999990463256836
6700 0.0009999990463256836
6800 0.0009999990463256836
6900 0.0009999990463256836
7000 0.000800013542175293
7100 0.0010999917984008789
7200 0.0009999990463256836
7300 0.0008999824523925782
7400 0.001100015640258789
7500 0.0010999917984008789
7600 0.0009000301361083984
7700 0.0010999917984008789
7800 0.0010999917984008789
7900 0.0009999990463256836
8000 0.0013000011444091798
8100 0.0010999917984008789
8200 0.0010999917984008789
8300 0.0012000083923339843
8400 0.0012000322341918946
8500 0.0010999917984008789
8600 0.0012000083923339843
8700 0.0010999917984008789
8800 0.0013000011444091798
8900 0.0012000083923339843
9000 0.0011999845504760743
9100 0.001399993896484375
9200 0.0011999845504760743
9300 0.0012000083923339843
9400 0.0012000322341918946
9500 0.0012000083923339843
9600 0.0012000083923339843
9700 0.0014000177383422852
9800 0.0012999773025512695
9900 0.0013000011444091798
10000 0.0014999866485595702
