100 9.999275207519531e-5
200 0.00019998550415039061
300 0.0005000114440917968
400 0.0010000228881835937
500 0.0016999959945678711
600 0.0023999929428100584
700 0.003100013732910156
800 0.004200005531311035
900 0.005299973487854004
1000 0.006399965286254883
1100 0.007800006866455078
1200 0.009400033950805664
1300 0.010800004005432129
1400 0.012899971008300782
1500 0.014499998092651368
1600 0.016500020027160646
1700 0.018599987030029297
1800 0.02089996337890625
1900 0.023299980163574218
2000 0.025899982452392577
2100 0.028299999237060548
2200 0.031200003623962403
2300 0.034200000762939456
2400 0.037400031089782716
2500 0.04039998054504394
2600 0.043499994277954104
2700 0.04699997901916504
2800 0.0508000373840332
2900 0.05429997444152832
3000 0.05799996852874756
3100 0.061899995803833006
3200 0.06599998474121094
3300 0.07019999027252197
3400 0.0746999740600586
3500 0.07899999618530273
3600 0.08340003490447997
3700 0.0881000280380249
3800 0.09310004711151124
3900 0.09799997806549073
4000 0.10329999923706054
4100 0.10810000896453857
4200 0.11389994621276855
4300 0.11909997463226318
4400 0.1247999906539917
4500 0.13080003261566162
4600 0.1360999822616577
4700 0.14260003566741944
4800 0.14849998950958251
4900 0.1548999786376953
5000 0.16110000610351563
5100 0.1677999973297119
5200 0.1746000051498413
5300 0.1811000108718872
5400 0.18819997310638428
5500 0.1950000524520874
5600 0.20219993591308594
5700 0.20970001220703124
5800 0.21690001487731933
5900 0.24849998950958252
6000 0.24639997482299805
6100 0.23989999294281006
6200 0.2479999542236328
6300 0.28380000591278076
6400 0.2744999885559082
6500 0.27260003089904783
6600 0.28070003986358644
6700 0.29559998512268065
6800 0.330299973487854
6900 0.3071000576019287
7000 0.3194999933242798
7100 0.3601000070571899
7200 0.33460006713867185
7300 0.35420002937316897
7400 0.38059999942779543
7500 0.3866999864578247
7600 0.3866999387741089
7700 0.42019996643066404
7800 0.4057000637054443
7900 0.4271999835968018
8000 0.4509000062942505
8100 0.43819997310638426
8200 0.45660009384155276
8300 0.4825999975204468
8400 0.48489999771118164
8500 0.48469996452331543
8600 0.5049000024795532
8700 0.5176000595092773
8800 0.5375999450683594
8900 0.5126999616622925
9000 0.5592000246047973
9100 0.5734999656677247
9200 0.558899998664856
9300 0.5967999935150147
9400 0.6036999464035034
9500 0.6200000047683716
9600 0.632200026512146
9700 0.6193999767303466
9800 0.6497000217437744
9900 0.6733999967575073
10000 0.6791000127792358
