100 316
200 731
300 1180
400 1663
500 2215
600 2659
700 3171
800 3727
900 4302
1000 4929
1100 5417
1200 5916
1300 6477
1400 7040
1500 7659
1600 8252
1700 8830
1800 9501
1900 10136
2000 10855
2100 11443
2200 11929
2300 12501
2400 13029
2500 13641
2600 14247
2700 14826
2800 15472
2900 16104
3000 16813
3100 17510
3200 18093
3300 18707
3400 19348
3500 20038
3600 20788
3700 21439
3800 22152
3900 22906
4000 23691
4100 24544
4200 24970
4300 25488
4400 26033
4500 26608
4600 27277
4700 27815
4800 28432
4900 29077
5000 29754
5100 30490
5200 31069
5300 31663
5400 32323
5500 32996
5600 33720
5700 34392
5800 35081
5900 35846
6000 36592
6100 37411
6200 38091
6300 38671
6400 39349
6500 39964
6600 40673
6700 41371
6800 42051
6900 42798
7000 43528
7100 44330
7200 45115
7300 45794
7400 46515
7500 47249
7600 48045
7700 48877
7800 49638
7900 50453
8000 51301
8100 52176
8200 53098
8300 53528
8400 54057
8500 54604
8600 55178
8700 55858
8800 56387
8900 56994
9000 57638
9100 58320
9200 59069
9300 59629
9400 60230
9500 60890
9600 61565
9700 62277
9800 62949
9900 63640
10000 64409
