100 0.0
200 0.0
300 9.999275207519531e-5
400 0.0
500 0.0
600 0.0
700 0.00010001659393310547
800 0.0
900 0.0
1000 9.999275207519531e-5
1100 0.0
1200 9.999275207519531e-5
1300 0.0
1400 0.00010001659393310547
1500 0.00019998550415039061
1600 0.0004999876022338867
1700 0.00020000934600830078
1800 0.0
1900 9.999275207519531e-5
2000 0.00020003318786621094
2100 0.00019998550415039061
2200 9.999275207519531e-5
2300 0.0
2400 0.0
2500 0.00019998550415039061
2600 0.005000019073486328
2700 0.00019998550415039061
2800 0.00029997825622558595
2900 0.0003000020980834961
3000 0.00019998550415039061
3100 0.0003000020980834961
3200 0.0
3300 0.00020000934600830078
3400 0.004900002479553222
3500 0.0
3600 0.00030002593994140627
3700 0.00019998550415039061
3800 0.00020003318786621094
3900 0.005500030517578125
4000 0.0003000020980834961
4100 0.00010001659393310547
4200 0.00020000934600830078
4300 0.00029997825622558595
4400 0.004599976539611817
4500 0.00019998550415039061
4600 9.999275207519531e-5
4700 0.0003000020980834961
4800 0.0004999637603759766
4900 0.00020000934600830078
5000 0.0003000020980834961
5100 0.00029997825622558595
5200 0.0004999876022338867
5300 0.0004999876022338867
5400 0.0003999948501586914
5500 9.999275207519531e-5
5600 0.0006999969482421875
5700 0.00020000934600830078
5800 0.00020000934600830078
5900 0.00029997825622558595
6000 9.999275207519531e-5
6100 0.0003000020980834961
6200 0.0003000020980834961
6300 0.00040001869201660155
6400 0.0003999948501586914
6500 0.00019998550415039061
6600 0.00019998550415039061
6700 0.0006999731063842774
6800 0.00019998550415039061
6900 0.0003999948501586914
7000 0.00040004253387451174
7100 0.0004999876022338867
7200 0.0006000280380249023
7300 0.00040004253387451174
7400 0.0004999876022338867
7500 0.0008000373840332031
7600 0.0007000207901000976
7700 0.0006000041961669922
7800 0.0006000280380249023
7900 0.0005000352859497071
8000 0.0006000041961669922
8100 0.00020000934600830078
8200 0.0005000352859497071
8300 0.0004999637603759766
8400 0.0006000280380249023
8500 0.000599980354309082
8600 0.0007999658584594727
8700 0.0006999731063842774
8800 0.0006999969482421875
8900 0.0005999565124511719
9000 0.0005999565124511719
9100 0.0005999565124511719
9200 0.0007999658584594727
9300 0.0003000020980834961
9400 0.00030002593994140627
9500 0.0006999969482421875
9600 0.0007000207901000976
9700 0.0007999658584594727
9800 0.0006999969482421875
9900 0.0006000280380249023
10000 0.0004999876022338867
