100 312
200 723
300 1096
400 1647
500 2047
600 2492
700 2984
800 3694
900 4166
1000 4595
1100 5036
1200 5584
1300 6204
1400 6668
1500 7552
1600 8183
1700 8666
1800 9230
1900 9666
2000 10190
2100 10688
2200 11175
2300 11749
2400 12369
2500 13079
2600 13705
2700 14189
2800 14737
2900 15599
3000 16595
3100 17477
3200 17956
3300 18477
3400 19018
3500 19611
3600 20245
3700 20701
3800 21226
3900 21783
4000 22375
4100 23048
4200 23477
4300 24001
4400 24557
4500 25139
4600 25807
4700 26430
4800 27146
4900 27884
5000 28655
5100 29484
5200 30005
5300 30516
5400 31079
5500 31653
5600 32281
5700 33119
5800 34086
5900 35142
6000 36157
6100 37254
6200 38018
6300 38491
6400 39068
6500 39586
6600 40208
6700 40800
6800 41387
6900 42024
7000 42673
7100 43378
7200 44038
7300 44525
7400 45060
7500 45613
7600 46224
7700 46878
7800 47441
7900 48077
8000 48746
8100 49429
8200 50190
8300 50630
8400 51160
8500 51717
8600 52308
8700 52993
8800 53535
8900 54153
9000 54816
9100 55500
9200 56254
9300 56894
9400 57594
9500 58336
9600 59106
9700 59904
9800 60673
9900 61451
10000 62292
