100 262
200 630
300 1050
400 1483
500 1923
600 2400
700 2780
800 3316
900 3816
1000 4355
1100 4905
1200 5424
1300 5816
1400 6329
1500 6784
1600 7348
1700 7932
1800 8570
1900 9124
2000 9725
2100 10415
2200 10908
2300 11417
2400 11989
2500 12449
2600 12940
2700 13456
2800 14021
2900 14511
3000 15154
3100 15740
3200 16298
3300 16982
3400 17537
3500 18159
3600 18865
3700 19383
3800 20138
3900 20759
4000 21344
4100 22043
4200 22776
4300 23304
4400 24009
4500 24396
4600 25280
4700 25735
4800 26338
4900 26734
5000 27327
5100 27811
5200 28424
5300 28973
5400 29557
5500 30146
5600 30766
5700 31467
5800 31970
5900 32552
6000 33150
6100 33679
6200 34659
6300 35155
6400 35883
6500 36490
6600 37022
6700 37770
6800 38471
6900 39000
7000 39701
7100 40249
7200 41010
7300 41763
7400 42418
7500 43090
7600 43818
7700 44493
7800 45324
7900 45704
8000 46530
8100 47304
8200 47941
8300 48774
8400 49609
8500 50156
8600 50783
8700 51336
8800 52236
8900 52794
9000 53190
9100 53908
9200 54805
9300 55325
9400 56100
9500 56536
9600 57249
9700 57868
9800 58298
9900 58781
10000 59425
