100 486
200 1169
300 1934
400 2768
500 3588
600 4418
700 5372
800 6352
900 7273
1000 8192
1100 9220
1200 10072
1300 11129
1400 12095
1500 13177
1600 14255
1700 15301
1800 16355
1900 17403
2000 18391
2100 19632
2200 20483
2300 21747
2400 22653
2500 23687
2600 24850
2700 25985
2800 27004
2900 28133
3000 29248
3100 30641
3200 31692
3300 32897
3400 34038
3500 35189
3600 36192
3700 37408
3800 38496
3900 39865
4000 40824
4100 42195
4200 43287
4300 44432
4400 45457
4500 46638
4600 47931
4700 49057
4800 50233
4900 51242
5000 52463
5100 53569
5200 54832
5300 56154
5400 57271
5500 58696
5600 59838
5700 61010
5800 62114
5900 63463
6000 64582
6100 65962
6200 67287
6300 68656
6400 69926
6500 71009
6600 72379
6700 73753
6800 74792
6900 76163
7000 77203
7100 78547
7200 79702
7300 81046
7400 82174
7500 83421
7600 84462
7700 86055
7800 87167
7900 88484
8000 89712
8100 90945
8200 92472
8300 93596
8400 94739
8500 96146
8600 97253
8700 99021
8800 99977
8900 101112
9000 102050
9100 103678
9200 104841
9300 106095
9400 107264
9500 108877
9600 110042
9700 111142
9800 112339
9900 113540
10000 114771
