100 0.0
200 0.0
300 0.0
400 0.0
500 0.0
600 0.0
700 0.0
800 0.0
900 0.0
1000 0.0
1100 0.0
1200 0.00010001659393310547
1300 0.00020000934600830078
1400 9.999275207519531e-5
1500 0.0
1600 0.0
1700 0.0
1800 0.0
1900 9.999275207519531e-5
2000 0.00020003318786621094
2100 0.0
2200 0.0
2300 0.00029997825622558595
2400 0.0
2500 0.0003000020980834961
2600 9.999275207519531e-5
2700 0.00010001659393310547
2800 9.999275207519531e-5
2900 9.999275207519531e-5
3000 0.00020000934600830078
3100 0.00029997825622558595
3200 9.999275207519531e-5
3300 0.00010001659393310547
3400 0.0
3500 0.00020000934600830078
3600 0.0
3700 0.00010001659393310547
3800 0.00019998550415039061
3900 0.00020000934600830078
4000 0.00020000934600830078
4100 9.999275207519531e-5
4200 0.00019998550415039061
4300 0.0
4400 0.00010001659393310547
4500 0.00029997825622558595
4600 0.00030002593994140627
4700 0.00020000934600830078
4800 0.0005000352859497071
4900 0.00029997825622558595
5000 0.0003000020980834961
5100 0.00020000934600830078
5200 0.00029997825622558595
5300 0.00030002593994140627
5400 0.0005000114440917968
5500 0.0003000020980834961
5600 9.999275207519531e-5
5700 0.00040004253387451174
5800 9.999275207519531e-5
5900 9.999275207519531e-5
6000 0.0005000114440917968
6100 0.00020000934600830078
6200 0.0003000020980834961
6300 0.0003000020980834961
6400 0.00019998550415039061
6500 0.0003999948501586914
6600 0.00020000934600830078
6700 0.0003000497817993164
6800 0.0006000041961669922
6900 0.00029997825622558595
7000 0.00040001869201660155
7100 9.999275207519531e-5
7200 0.0003000020980834961
7300 0.0003000020980834961
7400 0.0003999948501586914
7500 0.00039997100830078123
7600 0.0003999948501586914
7700 0.0003000020980834961
7800 0.00030002593994140627
7900 0.00030002593994140627
8000 0.00029997825622558595
8100 0.0004999876022338867
8200 0.0005000114440917968
8300 0.0005000114440917968
8400 0.00039997100830078123
8500 0.0006000518798828125
8600 0.00020003318786621094
8700 0.0005000114440917968
8800 0.00039997100830078123
8900 0.0003999948501586914
9000 0.0003000020980834961
9100 0.0005000352859497071
9200 0.0005000352859497071
9300 0.00019998550415039061
9400 0.00039997100830078123
9500 0.00040001869201660155
9600 0.0006999969482421875
9700 0.0004999876022338867
9800 0.00019998550415039061
9900 0.0005000114440917968
10000 0.0005000114440917968
