100 2526
200 10057
300 22670
400 39902
500 62496
600 90963
700 123026
800 159402
900 200104
1000 251396
1100 302399
1200 362416
1300 425115
1400 491602
1500 556856
1600 638180
1700 719876
1800 811844
1900 901638
2000 1006823
2100 1103359
2200 1206747
2300 1313674
2400 1433927
2500 1552879
2600 1685533
2700 1807294
2800 1959185
2900 2100317
3000 2252709
3100 2397504
3200 2564382
3300 2715101
3400 2891531
3500 3067408
3600 3251526
3700 3423126
3800 3616268
3900 3771571
4000 4010958
4100 4191023
4200 4399238
4300 4652769
4400 4833672
4500 5065219
4600 5267296
4700 5540634
4800 5750669
4900 5996982
5000 6210704
5100 6503221
5200 6735532
5300 6988547
5400 7284136
5500 7599948
5600 7837073
5700 8101984
5800 8415985
5900 8734457
6000 8954389
6100 9296109
6200 9593023
6300 9980251
6400 10273357
6500 10575831
6600 10902684
6700 11253042
6800 11521059
6900 11886237
7000 12227785
7100 12646171
7200 12963570
7300 13330110
7400 13607774
7500 13967342
7600 14401527
7700 14764240
7800 15196857
7900 15577744
8000 16000489
8100 16406812
8200 16826060
8300 17169595
8400 17602560
8500 18029041
8600 18433856
8700 18974960
8800 19360505
8900 19775372
9000 20272969
9100 20671818
9200 21278074
9300 21637638
9400 22203524
9500 22505185
9600 23092957
9700 23571833
9800 23939696
9900 24408552
10000 25007371
