100 491
200 1196
300 1967
400 2808
500 3649
600 4530
700 5468
800 6398
900 7360
1000 8294
1100 9262
1200 10270
1300 11271
1400 12326
1500 13356
1600 14401
1700 15456
1800 16475
1900 17549
2000 18585
2100 19622
2200 20735
2300 21837
2400 22911
2500 24013
2600 25154
2700 26277
2800 27448
2900 28574
3000 29764
3100 30861
3200 32031
3300 33162
3400 34304
3500 35438
3600 36603
3700 37725
3800 38860
3900 39975
4000 41170
4100 42298
4200 43517
4300 44682
4400 45927
4500 47070
4600 48234
4700 49478
4800 50679
4900 51879
5000 53048
5100 54290
5200 55530
5300 56739
5400 57997
5500 59203
5600 60472
5700 61745
5800 62942
5900 64192
6000 65459
6100 66744
6200 67980
6300 69171
6400 70455
6500 71653
6600 72929
6700 74156
6800 75349
6900 76623
7000 77831
7100 79117
7200 80338
7300 81575
7400 82830
7500 84088
7600 85350
7700 86591
7800 87857
7900 89050
8000 90324
8100 91610
8200 92821
8300 94103
8400 95421
8500 96715
8600 97953
8700 99306
8800 100578
8900 101864
9000 103216
9100 104491
9200 105807
9300 107035
9400 108276
9500 109654
9600 110932
9700 112244
9800 113572
9900 114839
10000 116131
