100 440
200 1035
300 1589
400 2232
500 3029
600 3484
700 4338
800 5026
900 5693
1000 6556
1100 7669
1200 8041
1300 8985
1400 9693
1500 10422
1600 10582
1700 12161
1800 13365
1900 13242
2000 15235
2100 15582
2200 15558
2300 17660
2400 18248
2500 19029
2600 20496
2700 19480
2800 21985
2900 22353
3000 23071
3100 24471
3200 25443
3300 24903
3400 27336
3500 27687
3600 28377
3700 29257
3800 30586
3900 30215
4000 31519
4100 34179
4200 33112
4300 33450
4400 36222
4500 35572
4600 37425
4700 38473
4800 39050
4900 39214
5000 41242
5100 41586
5200 44218
5300 44134
5400 45200
5500 45332
5600 46446
5700 50556
5800 49255
5900 49364
6000 48440
6100 49411
6200 49692
6300 54446
6400 52455
6500 53108
6600 55153
6700 55895
6800 60651
6900 59281
7000 61665
7100 60432
7200 61002
7300 60073
7400 63600
7500 62440
7600 67595
7700 65876
7800 70335
7900 69881
8000 70605
8100 70706
8200 70096
8300 72856
8400 73694
8500 72753
8600 73903
8700 75786
8800 76325
8900 76538
9000 78789
9100 81657
9200 80421
9300 81888
9400 82564
9500 82980
9600 83768
9700 89417
9800 85141
9900 87293
10000 86240
