100 356
200 835
300 1419
400 2148
500 2673
600 3188
700 4006
800 4456
900 5044
1000 5945
1100 6500
1200 7111
1300 7963
1400 8444
1500 9780
1600 10620
1700 11150
1800 12113
1900 11861
2000 13361
2100 14148
2200 14869
2300 14947
2400 16275
2500 17274
2600 18419
2700 19200
2800 19085
2900 19256
3000 20586
3100 20945
3200 22057
3300 22935
3400 23964
3500 25302
3600 25372
3700 27262
3800 27683
3900 27014
4000 29341
4100 29740
4200 30652
4300 32144
4400 31898
4500 33824
4600 34234
4700 35043
4800 34541
4900 36725
5000 37477
5100 37850
5200 37423
5300 40405
5400 41394
5500 39195
5600 43352
5700 43831
5800 43768
5900 44528
6000 45897
6100 48000
6200 47187
6300 48146
6400 50005
6500 50664
6600 50854
6700 49403
6800 53891
6900 52950
7000 53447
7100 55426
7200 55868
7300 56690
7400 57182
7500 62915
7600 57751
7700 60963
7800 63779
7900 62401
8000 64805
8100 63180
8200 64067
8300 63684
8400 67487
8500 68200
8600 72010
8700 69712
8800 69608
8900 70092
9000 70867
9100 72261
9200 73055
9300 71255
9400 76321
9500 74474
9600 77243
9700 80726
9800 75357
9900 78978
10000 83402
