100 868
200 1769
300 2646
400 3526
500 4416
600 5296
700 6190
800 7049
900 7941
1000 8850
1100 9699
1200 10618
1300 11501
1400 12365
1500 13230
1600 14159
1700 15026
1800 15923
1900 16815
2000 17676
2100 18562
2200 19479
2300 20279
2400 21298
2500 22143
2600 22993
2700 23868
2800 24801
2900 25556
3000 26578
3100 27363
3200 28262
3300 29175
3400 30033
3500 31042
3600 31850
3700 32773
3800 33579
3900 34447
4000 35465
4100 36204
4200 37188
4300 37993
4400 38913
4500 39792
4600 40652
4700 41668
4800 42442
4900 43290
5000 44215
5100 45117
5200 45999
5300 46889
5400 47759
5500 48661
5600 49499
5700 50481
5800 51267
5900 52202
6000 53061
6100 53853
6200 54868
6300 55764
6400 56602
6500 57472
6600 58393
6700 59356
6800 60235
6900 60945
7000 61952
7100 62723
7200 63592
7300 64625
7400 65499
7500 66318
7600 67348
7700 68086
7800 68956
7900 69880
8000 70829
8100 71785
8200 72524
8300 73428
8400 74291
8500 75102
8600 76120
8700 76990
8800 77853
8900 78745
9000 79661
9100 80541
9200 81371
9300 82262
9400 83205
9500 84030
9600 84930
9700 85790
9800 86608
9900 87570
10000 88554
