100 856
200 1751
300 2625
400 3515
500 4387
600 5294
700 6205
800 7038
900 7937
1000 8832
1100 9738
1200 10633
1300 11470
1400 12401
1500 13270
1600 14176
1700 15038
1800 15867
1900 16784
2000 17652
2100 18545
2200 19424
2300 20316
2400 21214
2500 22106
2600 22964
2700 23869
2800 24765
2900 25694
3000 26543
3100 27455
3200 28338
3300 29218
3400 30097
3500 31006
3600 31785
3700 32698
3800 33651
3900 34459
4000 35401
4100 36284
4200 37155
4300 37982
4400 38917
4500 39767
4600 40636
4700 41534
4800 42456
4900 43365
5000 44201
5100 45063
5200 46031
5300 46948
5400 47772
5500 48593
5600 49570
5700 50509
5800 51269
5900 52281
6000 53092
6100 53977
6200 54841
6300 55706
6400 56614
6500 57464
6600 58457
6700 59254
6800 60236
6900 60985
7000 61844
7100 62827
7200 63688
7300 64590
7400 65472
7500 66302
7600 67311
7700 68075
7800 69055
7900 69871
8000 70848
8100 71587
8200 72608
8300 73431
8400 74294
8500 75200
8600 76049
8700 76978
8800 77903
8900 78858
9000 79558
9100 80463
9200 81379
9300 82205
9400 83276
9500 84162
9600 84958
9700 85881
9800 86638
9900 87544
10000 88483
