100 0.0006000041961669922
200 0.0010000228881835937
300 0.006699991226196289
400 0.0070000171661376955
500 0.008099985122680665
600 0.0075999975204467775
700 0.0039999961853027345
800 0.004499983787536621
900 0.005200052261352539
1000 0.006000018119812012
1100 0.006200027465820312
1200 0.006899976730346679
1300 0.007800006866455078
1400 0.008800053596496582
1500 0.00930006504058838
1600 0.010100054740905761
1700 0.010599970817565918
1800 0.011899995803833007
1900 0.011599993705749512
2000 0.01250002384185791
2100 0.012900018692016601
2200 0.01509997844696045
2300 0.015799951553344727
2400 0.016999983787536622
2500 0.016700005531311034
2600 0.017800021171569824
2700 0.018600058555603028
2800 0.01919999122619629
2900 0.020300006866455077
3000 0.021700000762939452
3100 0.024000000953674317
3200 0.024000072479248048
3300 0.023199963569641113
3400 0.023799991607666014
3500 0.024599957466125488
3600 0.025200033187866212
3700 0.027100014686584472
3800 0.02720005512237549
3900 0.027099919319152833
4000 0.02629997730255127
4100 0.027499985694885255
4200 0.030100059509277344
4300 0.07160000801086426
4400 0.07649998664855957
4500 0.029599976539611817
4600 0.03179998397827148
4700 0.0312999963760376
4800 0.034300041198730466
4900 0.03620002269744873
5000 0.04189999103546142
5100 0.04270005226135254
5200 0.037900018692016604
5300 0.05500006675720215
5400 0.07799997329711914
5500 0.08740003108978271
5600 0.0444000244140625
5700 0.04530000686645508
5800 0.050500011444091795
5900 0.05289998054504395
6000 0.1251999855041504
6100 0.04860002994537353
6200 0.04919998645782471
6300 0.049500012397766115
6400 0.06249995231628418
6500 0.06140000820159912
6600 0.10909998416900635
6700 0.08270003795623779
6800 0.047900056838989256
6900 0.05240001678466797
7000 0.04779996871948242
7100 0.05170001983642578
7200 0.05309994220733642
7300 0.06430001258850097
7400 0.1063000202178955
7500 0.08229999542236328
7600 0.05609993934631348
7700 0.05599994659423828
7800 0.06270005702972412
7900 0.058700037002563474
8000 0.08450002670288086
8100 0.10860002040863037
8200 0.07320001125335693
8300 0.07240002155303955
8400 0.06419999599456787
8500 0.06409997940063476
8600 0.12470002174377441
8700 0.07620000839233398
8800 0.06359999179840088
8900 0.07189996242523193
9000 0.07590000629425049
9100 0.12459995746612548
9200 0.09110000133514404
9300 0.0736999750137329
9400 0.09269998073577881
9500 0.10110001564025879
9600 0.13870000839233398
9700 0.09060003757476806
9800 0.10940005779266357
9900 0.11949996948242188
10000 0.12349998950958252
