100 0.0004999876022338867
200 0.0009999990463256836
300 0.006800007820129394
400 0.00690000057220459
500 0.007899999618530273
600 0.007399988174438476
700 0.0037000179290771484
800 0.004399991035461426
900 0.005200004577636719
1000 0.00559999942779541
1100 0.005999994277954101
1200 0.0067000150680541996
1300 0.007400012016296387
1400 0.008099985122680665
1500 0.00840001106262207
1600 0.009400010108947754
1700 0.010099983215332032
1800 0.010700011253356933
1900 0.011500000953674316
2000 0.011899995803833007
2100 0.012399983406066895
2200 0.014000010490417481
2300 0.013599991798400879
2400 0.01510002613067627
2500 0.01639997959136963
2600 0.016300010681152343
2700 0.016699981689453126
2800 0.017200016975402833
2900 0.01809999942779541
3000 0.01940000057220459
3100 0.019099998474121093
3200 0.020000004768371583
3300 0.02130000591278076
3400 0.023200011253356932
3500 0.025099992752075195
3600 0.025100016593933107
3700 0.02669999599456787
3800 0.026600003242492676
3900 0.027500009536743163
4000 0.02799997329711914
4100 0.02889997959136963
4200 0.030000019073486327
4300 0.0315000057220459
4400 0.03350000381469727
4500 0.033899998664855956
4600 0.033899998664855956
4700 0.03749995231628418
4800 0.035699987411499025
4900 0.03470001220703125
5000 0.033699989318847656
5100 0.04200003147125244
5200 0.044499993324279785
5300 0.036400008201599124
5400 0.03779997825622559
5500 0.03980000019073486
5600 0.041700005531311035
5700 0.041699981689453124
5800 0.04159998893737793
5900 0.04720001220703125
6000 0.04789998531341553
6100 0.056800031661987306
6200 0.051999998092651364
6300 0.04869999885559082
6400 0.05090000629425049
6500 0.0499000072479248
6600 0.045000004768371585
6700 0.043999981880187986
6800 0.04869999885559082
6900 0.045799994468688966
7000 0.049200010299682614
7100 0.04980003833770752
7200 0.05559999942779541
7300 0.06080000400543213
7400 0.055299973487854
7500 0.06380000114440917
7600 0.07730000019073487
7700 0.069100022315979
7800 0.0684999704360962
7900 0.06600000858306884
8000 0.061899995803833006
8100 0.06790001392364502
8200 0.07209999561309814
8300 0.06840000152587891
8400 0.07019999027252197
8500 0.05970001220703125
8600 0.07499997615814209
8700 0.0756000280380249
8800 0.08090000152587891
8900 0.07200000286102295
9000 0.07089998722076415
9100 0.07000000476837158
9200 0.07020001411437989
9300 0.0811000108718872
9400 0.06960000991821289
9500 0.07280004024505615
9600 0.07539999485015869
9700 0.07779998779296875
9800 0.0865999698638916
9900 0.08920001983642578
10000 0.09459998607635497
