100 541
200 1280
300 2091
400 2963
500 3854
600 4799
700 5752
800 6729
900 7711
1000 8706
1100 9738
1200 10779
1300 11834
1400 12897
1500 13960
1600 15033
1700 16122
1800 17207
1900 18314
2000 19415
2100 20526
2200 21666
2300 22825
2400 23996
2500 25115
2600 26264
2700 27433
2800 28568
2900 29759
3000 30900
3100 32095
3200 33282
3300 34469
3400 35647
3500 36852
3600 38042
3700 39216
3800 40437
3900 41603
4000 42841
4100 44023
4200 45276
4300 46508
4400 47762
4500 48993
4600 50198
4700 51479
4800 52744
4900 53971
5000 55245
5100 56504
5200 57722
5300 58983
5400 60249
5500 61522
5600 62785
5700 64036
5800 65328
5900 66559
6000 67832
6100 69076
6200 70388
6300 71657
6400 72943
6500 74240
6600 75524
6700 76825
6800 78078
6900 79407
7000 80679
7100 81960
7200 83278
7300 84548
7400 85856
7500 87151
7600 88435
7700 89708
7800 91045
7900 92368
8000 93627
8100 94930
8200 96221
8300 97589
8400 98952
8500 100263
8600 101605
8700 102959
8800 104264
8900 105653
9000 106989
9100 108312
9200 109663
9300 110990
9400 112394
9500 113712
9600 115069
9700 116380
9800 117728
9900 119087
10000 120456
