100 2625
200 10256
300 22969
400 40301
500 62995
600 91562
700 123725
800 160201
900 201003
1000 252395
1100 303498
1200 363615
1300 426414
1400 493001
1500 558355
1600 639779
1700 721575
1800 813643
1900 903537
2000 1008822
2100 1105458
2200 1208946
2300 1315973
2400 1436326
2500 1555378
2600 1688132
2700 1809993
2800 1961984
2900 2103216
3000 2255708
3100 2400603
3200 2567581
3300 2718400
3400 2894930
3500 3070907
3600 3255125
3700 3426825
3800 3620067
3900 3775470
4000 4014957
4100 4195122
4200 4403437
4300 4657068
4400 4838071
4500 5069718
4600 5271895
4700 5545333
4800 5755468
4900 6001881
5000 6215703
5100 6508320
5200 6740731
5300 6993846
5400 7289535
5500 7605447
5600 7842672
5700 8107683
5800 8421784
5900 8740356
6000 8960388
6100 9302208
6200 9599222
6300 9986550
6400 10279756
6500 10582330
6600 10909283
6700 11259741
6800 11527858
6900 11893136
7000 12234784
7100 12653270
7200 12970769
7300 13337409
7400 13615173
7500 13974841
7600 14409126
7700 14771939
7800 15204656
7900 15585643
8000 16008488
8100 16414911
8200 16834259
8300 17177894
8400 17610959
8500 18037540
8600 18442455
8700 18983659
8800 19369304
8900 19784271
9000 20281968
9100 20680917
9200 21287273
9300 21646937
9400 22212923
9500 22514684
9600 23102556
9700 23581532
9800 23949495
9900 24418451
10000 25017370
