100 389
200 892
300 1399
400 1992
500 2480
600 3092
700 3809
800 4381
900 4781
1000 5440
1100 6117
1200 6823
1300 7523
1400 8302
1500 9014
1600 9563
1700 10037
1800 10502
1900 11229
2000 11913
2100 12599
2200 13338
2300 14127
2400 14843
2500 15592
2600 16377
2700 17163
2800 17964
2900 18735
3000 19617
3100 20302
3200 20770
3300 21233
3400 21760
3500 22216
3600 22853
3700 23520
3800 24252
3900 24962
4000 25798
4100 26641
4200 27319
4300 28090
4400 28875
4500 29675
4600 30510
4700 31276
4800 32091
4900 32926
5000 33695
5100 34627
5200 35443
5300 36151
5400 37035
5500 37802
5600 38703
5700 39546
5800 40363
5900 41216
6000 42193
6100 43061
6200 43693
6300 44191
6400 44796
6500 45218
6600 45813
6700 46359
6800 46875
6900 47432
7000 47938
7100 48546
7200 49235
7300 50018
7400 50674
7500 51506
7600 52356
7700 53198
7800 53970
7900 54712
8000 55597
8100 56506
8200 57435
8300 58108
8400 58931
8500 59726
8600 60468
8700 61400
8800 62151
8900 62971
9000 63931
9100 64822
9200 65770
9300 66443
9400 67205
9500 68118
9600 69001
9700 69864
9800 70695
9900 71524
10000 72500
