100 347
200 775
300 1232
400 1733
500 2229
600 2776
700 3348
800 3872
900 4443
1000 4965
1100 5549
1200 6156
1300 6815
1400 7389
1500 7998
1600 8624
1700 9188
1800 9778
1900 10317
2000 10935
2100 11533
2200 12217
2300 12867
2400 13518
2500 14209
2600 14901
2700 15484
2800 16186
2900 16814
3000 17515
3100 18213
3200 18822
3300 19431
3400 20001
3500 20702
3600 21374
3700 21949
3800 22548
3900 23196
4000 23847
4100 24556
4200 25168
4300 25913
4400 26576
4500 27329
4600 28090
4700 28711
4800 29399
4900 30192
5000 30919
5100 31650
5200 32359
5300 33046
5400 33775
5500 34392
5600 35102
5700 35898
5800 36557
5900 37356
6000 38069
6100 38853
6200 39521
6300 40137
6400 40788
6500 41448
6600 42170
6700 42761
6800 43492
6900 44147
7000 44887
7100 45570
7200 46244
7300 46939
7400 47524
7500 48241
7600 48917
7700 49616
7800 50249
7900 51008
8000 51780
8100 52426
8200 53316
8300 53895
8400 54637
8500 55306
8600 56126
8700 56924
8800 57632
8900 58214
9000 59042
9100 60009
9200 60801
9300 61398
9400 62085
9500 62932
9600 63693
9700 64509
9800 65215
9900 65967
10000 66882
