100 618
200 1456
300 2450
400 3502
500 4795
600 5643
700 7031
800 8111
900 9675
1000 10717
1100 11907
1200 13146
1300 14583
1400 15820
1500 17231
1600 18207
1700 20264
1800 21711
1900 22536
2000 24944
2100 25434
2200 27104
2300 27866
2400 29670
2500 31630
2600 33036
2700 33305
2800 36783
2900 37545
3000 38114
3100 39895
3200 42209
3300 43082
3400 45289
3500 47588
3600 47755
3700 49772
3800 50487
3900 52048
4000 54791
4100 56527
4200 56549
4300 57368
4400 61199
4500 61109
4600 64847
4700 65469
4800 64791
4900 65501
5000 70808
5100 70647
5200 74069
5300 73532
5400 75289
5500 77579
5600 79480
5700 82386
5800 82455
5900 83861
6000 85186
6100 87658
6200 87169
6300 91926
6400 90145
6500 93600
6600 95396
6700 95207
6800 101080
6900 103984
7000 103813
7100 103291
7200 103914
7300 103852
7400 107343
7500 112224
7600 113655
7700 113218
7800 116788
7900 118215
8000 118702
8100 122214
8200 121344
8300 124514
8400 127085
8500 128890
8600 126933
8700 132758
8800 133639
8900 133716
9000 136437
9100 137717
9200 140456
9300 138845
9400 142151
9500 142590
9600 145256
9700 150605
9800 147748
9900 149358
10000 149528
