100 635
200 1578
300 2558
400 3806
500 4779
600 6033
700 7431
800 8325
900 9826
1000 10883
1100 12395
1200 13630
1300 15064
1400 16209
1500 17813
1600 19366
1700 20866
1800 22261
1900 22865
2000 24413
2100 26658
2200 27685
2300 29610
2400 30956
2500 33004
2600 33549
2700 35576
2800 36111
2900 37383
3000 39969
3100 41092
3200 42119
3300 43704
3400 45545
3500 46943
3600 48845
3700 50980
3800 52163
3900 53666
4000 55565
4100 55663
4200 57602
4300 60295
4400 61917
4500 64036
4600 65556
4700 66927
4800 67513
4900 69913
5000 70279
5100 73153
5200 73296
5300 75741
5400 76903
5500 78072
5600 82418
5700 84020
5800 83745
5900 84099
6000 87906
6100 87733
6200 90526
6300 91287
6400 96040
6500 97608
6600 96514
6700 97368
6800 101012
6900 101981
7000 104142
7100 105819
7200 106034
7300 113111
7400 108054
7500 118398
7600 114743
7700 116497
7800 119911
7900 119450
8000 122181
8100 121457
8200 123864
8300 125145
8400 127508
8500 130435
8600 135444
8700 130895
8800 134963
8900 136262
9000 138544
9100 141754
9200 142358
9300 141280
9400 145153
9500 147950
9600 147914
9700 152076
9800 148204
9900 153208
10000 157408
