100 671
200 1543
300 2487
400 3486
500 4486
600 5574
700 6672
800 7772
900 8870
1000 9968
1100 11141
1200 12340
1300 13540
1400 14738
1500 15935
1600 17134
1700 18331
1800 19531
1900 20721
2000 21921
2100 23171
2200 24466
2300 25766
2400 27066
2500 28361
2600 29657
2700 30955
2800 32247
2900 33549
3000 34837
3100 36136
3200 37430
3300 38728
3400 40019
3500 41318
3600 42616
3700 43906
3800 45194
3900 46498
4000 47781
4100 49081
4200 50478
4300 51875
4400 53261
4500 54659
4600 56059
4700 57446
4800 58841
4900 60243
5000 61633
5100 63020
5200 64415
5300 65816
5400 67218
5500 68599
5600 69992
5700 71379
5800 72785
5900 74170
6000 75569
6100 76950
6200 78355
6300 79732
6400 81140
6500 82529
6600 83904
6700 85296
6800 86683
6900 88072
7000 89473
7100 90852
7200 92241
7300 93627
7400 95022
7500 96399
7600 97785
7700 99188
7800 100569
7900 101961
8000 103334
8100 104726
8200 106128
8300 107585
8400 109099
8500 110585
8600 112078
8700 113569
8800 115070
8900 116549
9000 118031
9100 119523
9200 121023
9300 122508
9400 123988
9500 125488
9600 126944
9700 128439
9800 129946
9900 131431
10000 132926
