100 723
200 1648
300 2595
400 3695
500 4603
600 5790
700 7049
800 8188
900 9003
1000 10202
1100 11478
1200 12778
1300 14096
1400 15494
1500 16893
1600 17969
1700 18869
1800 19797
1900 21094
2000 22395
2100 23745
2200 25143
2300 26542
2400 27940
2500 29336
2600 30774
2700 32275
2800 33771
2900 35265
3000 36760
3100 38121
3200 39114
3300 40111
3400 41110
3500 42111
3600 43165
3700 44562
3800 45962
3900 47355
4000 48753
4100 50151
4200 51650
4300 53137
4400 54636
4500 56132
4600 57622
4700 59119
4800 60621
4900 62111
5000 63609
5100 65107
5200 66688
5300 68272
5400 69874
5500 71466
5600 73063
5700 74648
5800 76249
5900 77840
6000 79441
6100 81023
6200 82338
6300 83440
6400 84535
6500 85630
6600 86716
6700 87818
6800 88906
6900 89995
7000 91093
7100 92193
7200 93407
7300 94904
7400 96396
7500 97883
7600 99380
7700 100869
7800 102366
7900 103846
8000 105352
8100 106843
8200 108343
8300 109927
8400 111518
8500 113118
8600 114707
8700 116289
8800 117894
8900 119475
9000 121059
9100 122667
9200 124259
9300 125847
9400 127424
9500 129023
9600 130614
9700 132202
9800 133792
9900 135381
10000 136969
