100 522
200 1256
300 1990
400 2970
500 3684
600 4716
700 5662
800 6564
900 7512
1000 8395
1100 9487
1200 10615
1300 11758
1400 12901
1500 13746
1600 14904
1700 15962
1800 16945
1900 17882
2000 18781
2100 20027
2200 21226
2300 22357
2400 23493
2500 24820
2600 26187
2700 27363
2800 28516
2900 29655
3000 30800
3100 32102
3200 33051
3300 34171
3400 35362
3500 36497
3600 37472
3700 38668
3800 39343
3900 40737
4000 41694
4100 43190
4200 44164
4300 45591
4400 46837
4500 48037
4600 49403
4700 50977
4800 52011
4900 53311
5000 54678
5100 55954
5200 57453
5300 58612
5400 60136
5500 61464
5600 62361
5700 64267
5800 65195
5900 66455
6000 67368
6100 68437
6200 70223
6300 71666
6400 72755
6500 73772
6600 74863
6700 76502
6800 77471
6900 78959
7000 79828
7100 81434
7200 82108
7300 83644
7400 84615
7500 85731
7600 86381
7700 88010
7800 89129
7900 90507
8000 91530
8100 92739
8200 94472
8300 95516
8400 96850
8500 98565
8600 99487
8700 101169
8800 102371
8900 103746
9000 105014
9100 106352
9200 107893
9300 109336
9400 110989
9500 112544
9600 113548
9700 114643
9800 116561
9900 117902
10000 119059
