100 4950
200 19899
300 44849
400 79799
500 124749
600 179698
700 244647
800 319596
900 404545
1000 499494
1100 604444
1200 719393
1300 844342
1400 979291
1500 1124239
1600 1279187
1700 1444134
1800 1619083
1900 1804031
2000 1998979
2100 2203926
2200 2418876
2300 2643825
2400 2878770
2500 3123721
2600 3378669
2700 3643610
2800 3918559
2900 4203511
3000 4498455
3100 4803399
3200 5118346
3300 5443294
3400 5778243
3500 6123182
3600 6478132
3700 6843077
3800 7218027
3900 7602974
4000 7997920
4100 8402868
4200 8817815
4300 9242750
4400 9677704
4500 10122651
4600 10577596
4700 11042539
4800 11517484
4900 12002429
5000 12497373
5100 13002317
5200 13517262
5300 14042202
5400 14577148
5500 15122098
5600 15677040
5700 16241993
5800 16816934
5900 17401872
6000 17996817
6100 18601766
6200 19216702
6300 19841653
6400 20476601
6500 21121540
6600 21776486
6700 22441426
6800 23116368
6900 23801309
7000 24496249
7100 25201201
7200 25916146
7300 26641089
7400 27376023
7500 28120966
7600 28875907
7700 29640853
7800 30415794
7900 31200725
8000 31995682
8100 32800630
8200 33615557
8300 34440513
8400 35275437
8500 36120393
8600 36975330
8700 37840272
8800 38715217
8900 39600165
9000 40495101
9100 41400029
9200 42314974
9300 43239919
9400 44174862
9500 45119810
9600 46074729
9700 47039659
9800 48014625
9900 48999566
10000 49994505
