100 0.0
200 0.0
300 9.999275207519531e-5
400 9.999275207519531e-5
500 0.0
600 9.999275207519531e-5
700 0.0003000020980834961
800 0.00019998550415039061
900 0.0007000207901000976
1000 0.00039997100830078123
1100 0.0005999565124511719
1200 0.000800013542175293
1300 0.0009000062942504883
1400 0.0008999586105346679
1500 0.0010999679565429688
1600 0.0011000633239746094
1700 0.0009999990463256836
1800 0.0013000249862670898
1900 0.0018000364303588866
2000 0.0017999887466430664
2100 0.0019999980926513673
2200 0.0022999048233032227
2300 0.002499985694885254
2400 0.0029000043869018555
2500 0.003099989891052246
2600 0.0032000064849853514
2700 0.003600001335144043
2800 0.0035999536514282225
2900 0.00410001277923584
3000 0.0042999982833862305
3100 0.004599976539611817
3200 0.004900026321411133
3300 0.004900026321411133
3400 0.0053999900817871095
3500 0.005299973487854004
3600 0.006000018119812012
3700 0.006599950790405274
3800 0.006999969482421875
3900 0.00710000991821289
4000 0.007599949836730957
4100 0.008099985122680665
4200 0.008800029754638672
4300 0.008899974822998046
4400 0.009299945831298829
4500 0.00969996452331543
4600 0.009800004959106445
4700 0.010999965667724609
4800 0.010899996757507325
4900 0.011299991607666015
5000 0.01119997501373291
5100 0.012200021743774414
5200 0.012899971008300782
5300 0.013300013542175294
5400 0.013600039482116699
5500 0.014499998092651368
5600 0.01530001163482666
5700 0.01619997024536133
5800 0.016499972343444823
5900 0.017199993133544922
6000 0.016500020027160646
6100 0.017100000381469728
6200 0.017600011825561524
6300 0.018100047111511232
6400 0.018799996376037596
6500 0.019299983978271484
6600 0.019800019264221192
6700 0.02030003070831299
6800 0.020999979972839356
6900 0.021599960327148438
7000 0.022600007057189942
7100 0.022300004959106445
7200 0.023399996757507324
7300 0.025399994850158692
7400 0.02630002498626709
7500 0.02519993782043457
7600 0.026800012588500975
7700 0.0317000150680542
7800 0.032600021362304686
7900 0.02950000762939453
8000 0.03229999542236328
8100 0.04049997329711914
8200 0.032399964332580564
8300 0.032200026512146
8400 0.03279998302459717
8500 0.033600020408630374
8600 0.04250001907348633
8700 0.04839999675750732
8800 0.04109997749328613
8900 0.0365999698638916
9000 0.03700001239776611
9100 0.03779997825622559
9200 0.039800047874450684
9300 0.04120001792907715
9400 0.04309999942779541
9500 0.0443000078201294
9600 0.0502000093460083
9700 0.04499998092651367
9800 0.04489998817443848
9900 0.046499991416931154
10000 0.05190000534057617
