100 5049
200 20098
300 45148
400 80198
500 125247
600 180297
700 245346
800 320395
900 405445
1000 500493
1100 605543
1200 720591
1300 845641
1400 980689
1500 1125736
1600 1280785
1700 1445833
1800 1620883
1900 1805929
2000 2000979
2100 2206028
2200 2421072
2300 2646122
2400 2881171
2500 3126216
2600 3381266
2700 3646311
2800 3921361
2900 4206403
3000 4501456
3100 4806498
3200 5121545
3300 5446593
3400 5781640
3500 6126686
3600 6481731
3700 6846780
3800 7221829
3900 7606873
4000 8001924
4100 8406962
4200 8822011
4300 9247062
4400 9682096
4500 10127145
4600 10582189
4700 11047242
4800 11522288
4900 12007328
5000 12502375
5100 13007414
5200 13522470
5300 14047508
5400 14582553
5500 15127605
5600 15682650
5700 16247684
5800 16822731
5900 17407768
6000 18002816
6100 18607857
6200 19222908
6300 19847955
6400 20482985
6500 21128042
6600 21783084
6700 22448117
6800 23123161
6900 23808213
7000 24503246
7100 25208289
7200 25923337
7300 26648387
7400 27383419
7500 28128463
7600 28883511
7700 29648554
7800 30423593
7900 31208646
8000 32003685
8100 32808711
8200 33623758
8300 34448805
8400 35283839
8500 36128897
8600 36983925
8700 37848970
8800 38724010
8900 39609047
9000 40504088
9100 41409128
9200 42324162
9300 43249212
9400 44184251
9500 45129292
9600 46084337
9700 47049378
9800 48024424
9900 49009453
10000 50004507
