100 9.999275207519531e-5
200 0.0
300 0.0
400 9.999275207519531e-5
500 0.0
600 0.0
700 0.00010001659393310547
800 0.0
900 0.0
1000 9.999275207519531e-5
1100 9.999275207519531e-5
1200 0.0
1300 9.999275207519531e-5
1400 0.0003999948501586914
1500 0.00019998550415039061
1600 0.0
1700 9.999275207519531e-5
1800 0.0
1900 0.00020000934600830078
2000 0.0006000041961669922
2100 0.005800008773803711
2200 0.00020000934600830078
2300 0.00019998550415039061
2400 0.00039997100830078123
2500 0.00010001659393310547
2600 0.005499982833862304
2700 0.0
2800 0.0003999948501586914
2900 0.00039997100830078123
3000 0.0003000020980834961
3100 0.006499981880187989
3200 0.00020000934600830078
3300 0.00039997100830078123
3400 0.004900002479553222
3500 0.00019998550415039061
3600 0.00020000934600830078
3700 9.999275207519531e-5
3800 0.00020000934600830078
3900 0.00040001869201660155
4000 0.0005000114440917968
4100 0.0005000114440917968
4200 0.00020000934600830078
4300 0.0006000041961669922
4400 0.0003000497817993164
4500 0.0004999876022338867
4600 0.0004999876022338867
4700 0.0005000114440917968
4800 0.0006000041961669922
4900 0.0003000020980834961
5000 0.00030002593994140627
5100 0.0004999637603759766
5200 0.00020000934600830078
5300 0.0004999876022338867
5400 0.00040001869201660155
5500 0.00040001869201660155
5600 0.0004999876022338867
5700 0.0006000041961669922
5800 0.0006999731063842774
5900 0.0006000280380249023
6000 0.000599980354309082
6100 0.0003999948501586914
6200 0.0007000207901000976
6300 0.0004999876022338867
6400 0.0007999897003173828
6500 0.0005999565124511719
6600 0.000800013542175293
6700 0.0006999969482421875
6800 0.0003999948501586914
6900 0.0010000228881835937
7000 0.0008000850677490235
7100 0.0006999731063842774
7200 0.0007999658584594727
7300 0.0006999731063842774
7400 0.0007999658584594727
7500 0.000800013542175293
7600 0.000800013542175293
7700 0.0008999586105346679
7800 0.001100015640258789
7900 0.0017999649047851563
8000 0.0013999462127685547
8100 0.0009999990463256836
8200 0.0009000539779663086
8300 0.0009999513626098634
8400 0.0009000301361083984
8500 0.0008999824523925782
8600 0.0007999897003173828
8700 0.0007999658584594727
8800 0.0008999586105346679
8900 0.0009999513626098634
9000 0.0008999824523925782
9100 0.0010999441146850586
9200 0.0012000083923339843
9300 0.0007999658584594727
9400 0.0007999420166015625
9500 0.0009000539779663086
9600 0.0010999679565429688
9700 0.0009999752044677734
9800 0.001100015640258789
9900 0.0018999814987182618
10000 0.0011999845504760743
