100 420
200 940
300 1459
400 2080
500 2587
600 3219
700 3931
800 4559
900 4946
1000 5674
1100 6338
1200 7037
1300 7798
1400 8561
1500 9381
1600 9916
1700 10296
1800 10791
1900 11526
2000 12347
2100 13090
2200 13774
2300 14545
2400 15273
2500 16085
2600 16893
2700 17671
2800 18519
2900 19352
3000 20258
3100 21047
3200 21430
3300 21842
3400 22286
3500 22777
3600 23373
3700 24125
3800 24945
3900 25793
4000 26683
4100 27642
4200 28268
4300 28985
4400 29739
4500 30514
4600 31381
4700 32117
4800 32935
4900 33773
5000 34658
5100 35594
5200 36375
5300 37171
5400 38029
5500 38901
5600 39823
5700 40705
5800 41590
5900 42557
6000 43505
6100 44518
6200 45176
6300 45563
6400 46040
6500 46451
6600 46960
6700 47460
6800 47941
6900 48492
7000 49019
7100 49624
7200 50313
7300 51086
7400 51911
7500 52746
7600 53651
7700 54591
7800 55448
7900 56366
8000 57325
8100 58303
8200 59340
8300 59975
8400 60698
8500 61442
8600 62224
8700 63102
8800 63828
8900 64639
9000 65488
9100 66365
9200 67316
9300 68078
9400 68879
9500 69730
9600 70622
9700 71534
9800 72400
9900 73300
10000 74258
