100 0.0
200 0.0
300 9.999275207519531e-5
400 0.0
500 0.0
600 9.999275207519531e-5
700 0.00010001659393310547
800 0.0
900 0.0
1000 0.00010001659393310547
1100 0.00019998550415039061
1200 0.00019998550415039061
1300 0.0
1400 9.999275207519531e-5
1500 9.999275207519531e-5
1600 0.00010001659393310547
1700 0.00010001659393310547
1800 0.00020003318786621094
1900 0.0
2000 0.00019998550415039061
2100 0.00010001659393310547
2200 9.999275207519531e-5
2300 9.999275207519531e-5
2400 0.00020000934600830078
2500 0.0
2600 0.00029997825622558595
2700 0.00019998550415039061
2800 9.999275207519531e-5
2900 0.005900001525878907
3000 0.00020000934600830078
3100 0.0003000020980834961
3200 0.00019998550415039061
3300 0.00030002593994140627
3400 0.0003999948501586914
3500 0.00010001659393310547
3600 0.00030002593994140627
3700 0.0003999948501586914
3800 0.0003000020980834961
3900 0.0003999948501586914
4000 0.00019998550415039061
4100 0.006399989128112793
4200 0.00020000934600830078
4300 0.0003999948501586914
4400 0.0
4500 0.0003999948501586914
4600 0.00559999942779541
4700 0.00019998550415039061
4800 0.00020003318786621094
4900 0.00019998550415039061
5000 0.00029997825622558595
5100 0.0003000020980834961
5200 0.00039997100830078123
5300 0.00019998550415039061
5400 0.0008000373840332031
5500 0.0003999948501586914
5600 0.0006000041961669922
5700 0.0003999948501586914
5800 0.00029997825622558595
5900 0.00020000934600830078
6000 0.0003999948501586914
6100 0.0004999876022338867
6200 0.0005999565124511719
6300 0.00019998550415039061
6400 0.0003000020980834961
6500 0.0005999565124511719
6600 0.0006000280380249023
6700 0.0005000114440917968
6800 0.0006999969482421875
6900 0.000800013542175293
7000 0.0006999731063842774
7100 0.00029997825622558595
7200 0.000800013542175293
7300 0.0009999752044677734
7400 0.0006000280380249023
7500 0.0006000280380249023
7600 0.000599980354309082
7700 0.0007999658584594727
7800 0.000599980354309082
7900 0.00040004253387451174
8000 0.0005999565124511719
8100 0.0007999897003173828
8200 0.000599980354309082
8300 0.000800013542175293
8400 0.0006000280380249023
8500 0.00040001869201660155
8600 0.0008999347686767578
8700 0.0007999897003173828
8800 0.0007999658584594727
8900 0.0007000446319580078
9000 0.0007000446319580078
9100 0.0007000207901000976
9200 0.001199960708618164
9300 0.0004999876022338867
9400 0.0008000373840332031
9500 0.0007999658584594727
9600 0.0006999969482421875
9700 0.0008999586105346679
9800 0.0007000207901000976
9900 0.0007999897003173828
10000 0.0013000011444091798
