100 424
200 947
300 1440
400 2095
500 2459
600 3178
700 3989
800 4590
900 4690
1000 5418
1100 6158
1200 6956
1300 7815
1400 8676
1500 9597
1600 9977
1700 10056
1800 10277
1900 11010
2000 11828
2100 12626
2200 13408
2300 14278
2400 15105
2500 16012
2600 16921
2700 17800
2800 18745
2900 19675
3000 20679
3100 21452
3200 21538
3300 21651
3400 21794
3500 21986
3600 22341
3700 23087
3800 23908
3900 24752
4000 25640
4100 26603
4200 27323
4300 28135
4400 28988
4500 29869
4600 30816
4700 31655
4800 32574
4900 33514
5000 34487
5100 35521
5200 36397
5300 37297
5400 38249
5500 39218
5600 40239
5700 41206
5800 42180
5900 43250
6000 44288
6100 45407
6200 45941
6300 46028
6400 46210
6500 46332
6600 46559
6700 46744
6800 46941
6900 47203
7000 47428
7100 47739
7200 48217
7300 48994
7400 49820
7500 50649
7600 51549
7700 52488
7800 53344
7900 54245
8000 55204
8100 56182
8200 57228
8300 57952
8400 58767
8500 59606
8600 60482
8700 61447
8800 62271
8900 63179
9000 64128
9100 65090
9200 66130
9300 66984
9400 67896
9500 68844
9600 69814
9700 70818
9800 71794
9900 72779
10000 73829
