100 316
200 732
300 1180
400 1663
500 2215
600 2659
700 3171
800 3727
900 4302
1000 4929
1100 5417
1200 5916
1300 6477
1400 7040
1500 7660
1600 8250
1700 8829
1800 9500
1900 10135
2000 10854
2100 11443
2200 11929
2300 12499
2400 13026
2500 13638
2600 14246
2700 14826
2800 15475
2900 16106
3000 16811
3100 17511
3200 18093
3300 18706
3400 19350
3500 20039
3600 20788
3700 21435
3800 22150
3900 22905
4000 23685
4100 24541
4200 24968
4300 25484
4400 26031
4500 26616
4600 27275
4700 27808
4800 28431
4900 29074
5000 29750
5100 30489
5200 31066
5300 31667
5400 32323
5500 32995
5600 33717
5700 34390
5800 35076
5900 35846
6000 36596
6100 37409
6200 38091
6300 38668
6400 39350
6500 39965
6600 40671
6700 41373
6800 42046
6900 42802
7000 43527
7100 44332
7200 45117
7300 45791
7400 46518
7500 47248
7600 48044
7700 48878
7800 49634
7900 50454
8000 51299
8100 52175
8200 53099
8300 53534
8400 54050
8500 54595
8600 55182
8700 55850
8800 56382
8900 56993
9000 57641
9100 58314
9200 59064
9300 59626
9400 60228
9500 60885
9600 61561
9700 62281
9800 62950
9900 63636
10000 64407
