100 316
200 732
300 1180
400 1664
500 2216
600 2660
700 3173
800 3730
900 4306
1000 4935
1100 5423
1200 5923
1300 6486
1400 7049
1500 7671
1600 8264
1700 8844
1800 9518
1900 10153
2000 10874
2100 11465
2200 11951
2300 12525
2400 13056
2500 13671
2600 14280
2700 14864
2800 15514
2900 16148
3000 16856
3100 17559
3200 18143
3300 18761
3400 19405
3500 20100
3600 20854
3700 21506
3800 22228
3900 22979
4000 23766
4100 24625
4200 25056
4300 25573
4400 26133
4500 26712
4600 27380
4700 27921
4800 28544
4900 29192
5000 29878
5100 30614
5200 31196
5300 31803
5400 32471
5500 33149
5600 33877
5700 34553
5800 35246
5900 36019
6000 36777
6100 37601
6200 38282
6300 38873
6400 39558
6500 40172
6600 40892
6700 41595
6800 42283
6900 43036
7000 43775
7100 44580
7200 45377
7300 46057
7400 46787
7500 47532
7600 48325
7700 49175
7800 49933
7900 50761
8000 51622
8100 52502
8200 53435
8300 53874
8400 54401
8500 54954
8600 55547
8700 56230
8800 56768
8900 57382
9000 58037
9100 58723
9200 59491
9300 60051
9400 60667
9500 61316
9600 62022
9700 62743
9800 63415
9900 64119
10000 64892
