100 514
200 1225
300 1996
400 2857
500 3696
600 4568
700 5587
800 6528
900 7446
1000 8405
1100 9410
1200 10332
1300 11520
1400 12524
1500 13596
1600 14659
1700 15652
1800 16677
1900 17752
2000 18812
2100 19898
2200 20947
2300 22185
2400 23159
2500 24335
2600 25597
2700 26792
2800 27829
2900 29039
3000 30104
3100 31366
3200 32547
3300 33633
3400 34749
3500 35909
3600 36930
3700 38205
3800 39211
3900 40569
4000 41730
4100 42914
4200 43997
4300 45265
4400 46330
4500 47680
4600 48779
4700 50165
4800 51204
4900 52512
5000 53701
5100 55071
5200 56360
5300 57755
5400 58919
5500 60303
5600 61453
5700 62669
5800 63904
5900 65204
6000 66319
6100 67719
6200 68767
6300 70264
6400 71555
6500 72710
6600 73965
6700 75252
6800 76318
6900 77697
7000 78732
7100 80196
7200 81316
7300 82666
7400 83829
7500 85063
7600 86155
7700 87692
7800 88782
7900 90326
8000 91507
8100 92638
8200 94128
8300 95301
8400 96418
8500 97838
8600 99146
8700 100773
8800 101803
8900 103048
9000 104333
9100 105796
9200 106853
9300 108220
9400 109417
9500 111001
9600 112154
9700 113486
9800 114911
9900 116264
10000 117575
