100 0.0
200 0.0
300 0.0
400 0.0
500 0.0
600 0.0
700 0.0
800 0.0
900 0.0
1000 0.0
1100 0.0
1200 0.00010001659393310547
1300 0.0
1400 0.00010001659393310547
1500 0.0
1600 0.0
1700 0.0
1800 0.0
1900 0.0
2000 0.00010001659393310547
2100 9.999275207519531e-5
2200 9.999275207519531e-5
2300 0.00020000934600830078
2400 9.999275207519531e-5
2500 0.00020000934600830078
2600 0.0
2700 0.00019998550415039061
2800 0.0
2900 0.0
3000 0.0003000020980834961
3100 9.999275207519531e-5
3200 9.999275207519531e-5
3300 0.00020000934600830078
3400 0.00010001659393310547
3500 9.999275207519531e-5
3600 0.00019998550415039061
3700 0.00020000934600830078
3800 0.00029997825622558595
3900 0.0
4000 9.999275207519531e-5
4100 0.0
4200 0.0
4300 9.999275207519531e-5
4400 0.0
4500 0.00020003318786621094
4600 0.00019998550415039061
4700 0.00020000934600830078
4800 0.00010001659393310547
4900 0.0
5000 0.00029997825622558595
5100 0.0
5200 0.00019998550415039061
5300 0.0003999948501586914
5400 0.0004999637603759766
5500 0.0
5600 0.00020000934600830078
5700 0.0003999948501586914
5800 0.0003000020980834961
5900 0.0003000020980834961
6000 0.0003999948501586914
6100 0.00020000934600830078
6200 0.00019998550415039061
6300 0.00010001659393310547
6400 0.00020000934600830078
6500 0.00020000934600830078
6600 0.0
6700 0.0
6800 0.00019998550415039061
6900 0.00010001659393310547
7000 9.999275207519531e-5
7100 0.0005000352859497071
7200 0.00020000934600830078
7300 0.00010001659393310547
7400 0.0003999948501586914
7500 0.0005000114440917968
7600 0.0
7700 0.00010001659393310547
7800 0.00040001869201660155
7900 0.00020003318786621094
8000 9.999275207519531e-5
8100 0.0003999948501586914
8200 0.00030002593994140627
8300 0.00019998550415039061
8400 9.999275207519531e-5
8500 0.00019998550415039061
8600 0.00020000934600830078
8700 0.00020000934600830078
8800 0.00020000934600830078
8900 0.00020003318786621094
9000 0.0006000041961669922
9100 0.0004999637603759766
9200 0.00020000934600830078
9300 0.0005000352859497071
9400 0.00029997825622558595
9500 0.0003000020980834961
9600 0.0006999731063842774
9700 0.0005999565124511719
9800 0.00029997825622558595
9900 0.00029997825622558595
10000 0.00019998550415039061
