100 0.0
200 0.0
300 0.0
400 0.0
500 0.0
600 0.0
700 0.0
800 0.0
900 0.0
1000 9.999275207519531e-5
1100 0.0
1200 0.0
1300 0.0
1400 0.0
1500 0.0
1600 0.0
1700 0.0
1800 0.0
1900 0.0
2000 9.999275207519531e-5
2100 9.999275207519531e-5
2200 0.0
2300 0.0
2400 9.999275207519531e-5
2500 0.0
2600 0.0
2700 0.0
2800 9.999275207519531e-5
2900 0.0
3000 0.0
3100 9.999275207519531e-5
3200 0.00019998550415039061
3300 0.0
3400 0.0
3500 0.0
3600 0.0
3700 0.0
3800 0.0
3900 0.0
4000 0.0
4100 0.0
4200 0.00010001659393310547
4300 0.0
4400 0.0
4500 9.999275207519531e-5
4600 9.999275207519531e-5
4700 0.0
4800 0.00019998550415039061
4900 0.00029997825622558595
5000 0.0
5100 0.0
5200 0.0
5300 0.00030002593994140627
5400 0.00039997100830078123
5500 9.999275207519531e-5
5600 9.999275207519531e-5
5700 9.999275207519531e-5
5800 0.00010001659393310547
5900 0.0
6000 0.0
6100 0.0
6200 0.0
6300 0.00020003318786621094
6400 0.00010001659393310547
6500 0.00029997825622558595
6600 0.00019998550415039061
6700 9.999275207519531e-5
6800 0.0003999948501586914
6900 0.0
7000 9.999275207519531e-5
7100 0.0003000020980834961
7200 0.0003000020980834961
7300 0.00020000934600830078
7400 0.00019998550415039061
7500 0.0
7600 0.00020000934600830078
7700 9.999275207519531e-5
7800 0.0005000591278076172
7900 0.00010001659393310547
8000 0.00029997825622558595
8100 0.00019998550415039061
8200 0.00020003318786621094
8300 0.0
8400 0.0003000020980834961
8500 0.00040001869201660155
8600 9.999275207519531e-5
8700 0.00039997100830078123
8800 0.0003000020980834961
8900 0.00030002593994140627
9000 0.00019998550415039061
9100 0.00039997100830078123
9200 0.00029997825622558595
9300 0.0006999969482421875
9400 0.00019998550415039061
9500 9.999275207519531e-5
9600 9.999275207519531e-5
9700 0.0
9800 9.999275207519531e-5
9900 0.00019998550415039061
10000 0.00020000934600830078
