100 444
200 995
300 1490
400 2232
500 2657
600 3442
700 4019
800 4628
900 5322
1000 5838
1100 6539
1200 7472
1300 8131
1400 8984
1500 9359
1600 10205
1700 10980
1800 11586
1900 12036
2000 12628
2100 13410
2200 14320
2300 14894
2400 15870
2500 16767
2600 17646
2700 18398
2800 19295
2900 19935
3000 20725
3100 21422
3200 22054
3300 22871
3400 23627
3500 24233
3600 24945
3700 25633
3800 25854
3900 26633
4000 27273
4100 28158
4200 28818
4300 29783
4400 30807
4500 31337
4600 32449
4700 33263
4800 34153
4900 35083
5000 35999
5100 36752
5200 37915
5300 38543
5400 39605
5500 40155
5600 40804
5700 42258
5800 42917
5900 43429
6000 44222
6100 44519
6200 46086
6300 46582
6400 47278
6500 48122
6600 48854
6700 49729
6800 50454
6900 51363
7000 52077
7100 52674
7200 53254
7300 54182
7400 54759
7500 55282
7600 55471
7700 56371
7800 57208
7900 57907
8000 58518
8100 59268
8200 60274
8300 61017
8400 61895
8500 62983
8600 63681
8700 64349
8800 65339
8900 66233
9000 67254
9100 67971
9200 69094
9300 70121
9400 71253
9500 72101
9600 72915
9700 73619
9800 75120
9900 75940
10000 76700
