100 380
200 859
300 1268
400 1919
500 2368
600 2836
700 3309
800 4238
900 4805
1000 5235
1100 5677
1200 6273
1300 6953
1400 7320
1500 8468
1600 9268
1700 9850
1800 10504
1900 10945
2000 11469
2100 11968
2200 12459
2300 13034
2400 13750
2500 14561
2600 15209
2700 15597
2800 16056
2900 17141
3000 18426
3100 19531
3200 20121
3300 20734
3400 21375
3500 22071
3600 22792
3700 23250
3800 23775
3900 24336
4000 24938
4100 25605
4200 26042
4300 26563
4400 27133
4500 27715
4600 28391
4700 29108
4800 29917
4900 30752
5000 31615
5100 32548
5200 33019
5300 33433
5400 33916
5500 34404
5600 34951
5700 35949
5800 37188
5900 38513
6000 39817
6100 41172
6200 42107
6300 42695
6400 43372
6500 43972
6600 44687
6700 45388
6800 46063
6900 46835
7000 47540
7100 48362
7200 49093
7300 49580
7400 50133
7500 50688
7600 51288
7700 51966
7800 52542
7900 53170
8000 53840
8100 54541
8200 55309
8300 55758
8400 56302
8500 56855
8600 57470
8700 58156
8800 58708
8900 59323
9000 59998
9100 60697
9200 61458
9300 62185
9400 62988
9500 63824
9600 64681
9700 65597
9800 66451
9900 67325
10000 68264
