100 0.0
200 0.0
300 0.0
400 0.00010001659393310547
500 0.0
600 0.00010001659393310547
700 0.0
800 0.0
900 0.0
1000 9.999275207519531e-5
1100 9.999275207519531e-5
1200 9.999275207519531e-5
1300 0.00020000934600830078
1400 0.00010001659393310547
1500 0.00020000934600830078
1600 0.0
1700 0.0
1800 0.0003000020980834961
1900 0.0
2000 9.999275207519531e-5
2100 9.999275207519531e-5
2200 0.00019998550415039061
2300 9.999275207519531e-5
2400 9.999275207519531e-5
2500 0.0003000020980834961
2600 0.00020003318786621094
2700 0.0003000020980834961
2800 0.00039997100830078123
2900 0.0048999786376953125
3000 9.999275207519531e-5
3100 9.999275207519531e-5
3200 0.00020000934600830078
3300 0.0
3400 0.0003000020980834961
3500 0.00019998550415039061
3600 0.005500006675720215
3700 0.00019998550415039061
3800 0.00020000934600830078
3900 9.999275207519531e-5
4000 0.00040004253387451174
4100 0.0004999637603759766
4200 0.006499958038330078
4300 0.0005000114440917968
4400 0.0006000518798828125
4500 0.00019998550415039061
4600 0.0003000020980834961
4700 9.999275207519531e-5
4800 0.0053999900817871095
4900 0.00040001869201660155
5000 0.0004999876022338867
5100 0.0005000114440917968
5200 0.00029997825622558595
5300 0.00039997100830078123
5400 0.00040001869201660155
5500 0.0003999948501586914
5600 0.00029997825622558595
5700 0.0003999948501586914
5800 0.0006000518798828125
5900 0.0003999948501586914
6000 0.0004999876022338867
6100 0.0004999876022338867
6200 0.00029997825622558595
6300 0.0003999948501586914
6400 0.0007000207901000976
6500 0.0008000850677490235
6600 0.0010999441146850586
6700 0.0011000394821166991
6800 0.0009000062942504883
6900 0.0009000062942504883
7000 0.0007000207901000976
7100 0.0006000280380249023
7200 0.0004999876022338867
7300 0.0003999948501586914
7400 0.00029997825622558595
7500 0.00039997100830078123
7600 0.0006000041961669922
7700 0.0006999969482421875
7800 0.0005000352859497071
7900 0.000599980354309082
8000 0.0006000041961669922
8100 0.0004999637603759766
8200 0.0004999876022338867
8300 0.0006999731063842774
8400 0.0004999876022338867
8500 0.0006999969482421875
8600 0.0007000446319580078
8700 0.0007999658584594727
8800 0.0006000041961669922
8900 0.0005000114440917968
9000 0.000800013542175293
9100 0.000800013542175293
9200 0.0003000020980834961
9300 0.0004999876022338867
9400 0.0007000446319580078
9500 0.001000046730041504
9600 0.0010000228881835937
9700 0.0003999948501586914
9800 0.000800013542175293
9900 0.0007999897003173828
10000 0.000599980354309082
