100 522
200 1257
300 1990
400 2970
500 3682
600 4716
700 5673
800 6566
900 7517
1000 8394
1100 9494
1200 10617
1300 11750
1400 12879
1500 13769
1600 14913
1700 15957
1800 16930
1900 17878
2000 18774
2100 20031
2200 21210
2300 22366
2400 23493
2500 24837
2600 26136
2700 27370
2800 28471
2900 29660
3000 30766
3100 32115
3200 33081
3300 34174
3400 35380
3500 36447
3600 37476
3700 38679
3800 39354
3900 40751
4000 41718
4100 43173
4200 44149
4300 45603
4400 46852
4500 48030
4600 49414
4700 50925
4800 51983
4900 53305
5000 54732
5100 55928
5200 57453
5300 58654
5400 60143
5500 61490
5600 62327
5700 64240
5800 65223
5900 66480
6000 67433
6100 68346
6200 70265
6300 71598
6400 72669
6500 73774
6600 74934
6700 76549
6800 77450
6900 78971
7000 79917
7100 81374
7200 82151
7300 83566
7400 84649
7500 85782
7600 86364
7700 88098
7800 89080
7900 90519
8000 91506
8100 92737
8200 94461
8300 95522
8400 96756
8500 98562
8600 99471
8700 101149
8800 102249
8900 103646
9000 105035
9100 106411
9200 107831
9300 109418
9400 110958
9500 112459
9600 113673
9700 114672
9800 116561
9900 118011
10000 119118
