100 352
200 804
300 1332
400 1808
500 2407
600 2964
700 3498
800 4015
900 4687
1000 5315
1100 5880
1200 6528
1300 7230
1400 7700
1500 8216
1600 8828
1700 9511
1800 10274
1900 10911
2000 11630
2100 12274
2200 12863
2300 13541
2400 14262
2500 15071
2600 15763
2700 16254
2800 16816
2900 17335
3000 17927
3100 18572
3200 19257
3300 19976
3400 20722
3500 21516
3600 22352
3700 23002
3800 23720
3900 24467
4000 25251
4100 26113
4200 26651
4300 27278
4400 27936
4500 28619
4600 29397
4700 30117
4800 30937
4900 31774
5000 32645
5100 33574
5200 34132
5300 34657
5400 35240
5500 35829
5600 36483
5700 37050
5800 37602
5900 38248
6000 38865
6100 39549
6200 40242
6300 40918
6400 41706
6500 42429
6600 43249
6700 44051
6800 44836
6900 45694
7000 46532
7100 47445
7200 48309
7300 48978
7400 49709
7500 50440
7600 51233
7700 52076
7800 52823
7900 53650
8000 54498
8100 55377
8200 56306
8300 56861
8400 57495
8500 58166
8600 58861
8700 59651
8800 60301
8900 61030
9000 61804
9100 62590
9200 63453
9300 64211
9400 65009
9500 65838
9600 66714
9700 67617
9800 68481
9900 69363
10000 70312
