100 317
200 740
300 1196
400 1680
500 2153
600 2712
700 3175
800 3721
900 4263
1000 4835
1100 5402
1200 5997
1300 6550
1400 7082
1500 7589
1600 8215
1700 8783
1800 9449
1900 10049
2000 10662
2100 11293
2200 11929
2300 12465
2400 13120
2500 13750
2600 14395
2700 14946
2800 15570
2900 16138
3000 16784
3100 17366
3200 18027
3300 18642
3400 19256
3500 19887
3600 20664
3700 21284
3800 22018
3900 22600
4000 23278
4100 23899
4200 24672
4300 25294
4400 26055
4500 26591
4600 27331
4700 27921
4800 28635
4900 29264
5000 29975
5100 30620
5200 31352
5300 31943
5400 32576
5500 33143
5600 33866
5700 34543
5800 35205
5900 35793
6000 36498
6100 37101
6200 37908
6300 38524
6400 39232
6500 39921
6600 40521
6700 41210
6800 41927
6900 42518
7000 43323
7100 43964
7200 44780
7300 45557
7400 46252
7500 46982
7600 47747
7700 48355
7800 49155
7900 49724
8000 50481
8100 51187
8200 51890
8300 52700
8400 53537
8500 54171
8600 54860
8700 55465
8800 56275
8900 57075
9000 57724
9100 58340
9200 59198
9300 59835
9400 60715
9500 61253
9600 62001
9700 62692
9800 63423
9900 64120
10000 64892
